2250
12 -5 5 -6 -16 4
0.6477
6 -7 11 -18 -16 18
0.727
18 -2 16 -13 -16 6
0.8024
8 -12 12 -10 -6 14
0.8612
2 -17 2 -18 -9 5
0.2293
8 -17 12 -2 -18 9
0.713
12 -4 4 -14 -5 19
0.927
19 -12 3 -16 -6 10
0.6564
11 -1 15 -10 -12 7
0.8632
17 -11 4 -7 -9 14
0.8737
19 -14 3 -16 -10 9
0.5907
15 -16 14 -15 -17 18
0.7608
5 -1 11 -12 -14 6
0.6857
4 -10 13 -9 -14 17
0.8406
3 -19 9 -15 -7 1
0.3213
7 -13 3 -3 -17 11
0.6432
6 -1 13 -7 -10 18
-1
16 -16 6 -6 -2 9
0.8372
1 -13 18 -16 -1 16
0.8435
13 -18 8 -18 -5 11
0.6078
8 -16 13 -3 -18 8
0.7047
11 -17 18 -8 -6 14
0.9229
8 -13 5 -6 -16 19
0.8062
17 -17 19 -1 -14 15
-1
17 -9 19 -7 -12 18
-1
11 -17 4 -10 -1 10
0.6658
1 -13 11 -7 -5 9
0.7322
3 -19 18 -1 -1 6
0.946
0 -13 6 -15 -17 14
0.5115
0 -19 5 -14 -2 14
0.5286
4 -15 0 -9 -12 4
0.2607
4 -1 4 -14 -18 14
0.6582
15 -1 9 -1 -19 5
0.8853
0 -2 16 -9 -13 19
0.985
14 -14 4 -17 -15 18
0.6612
5 -10 19 -18 -7 4
0.6338
11 -3 17 -4 -5 6
-1
4 -9 0 -9 -5 19
0.8525
17 -7 0 -20 -10 5
0.4717
19 -4 5 -9 -13 8
0.7919
9 -11 17 -6 -14 0
0.6712
17 -8 4 -13 -19 7
0.5896
14 -17 3 -7 -10 19
0.8308
7 -17 2 -11 -18 12
0.4874
19 -6 12 -9 -3 18
-1
4 -1 15 -13 -1 6
0.8789
14 -7 15 -7 -14 5
0.8094
8 -16 4 -2 -3 13
0.9464
10 -3 15 -12 -12 12
0.8739
14 -2 6 -10 -18 8
0.7183
7 -11 3 -12 -8 13
0.6473
15 -20 14 -11 -2 15
0.8779
4 -14 14 -5 -16 8
0.6928
9 -19 15 -16 -4 13
0.7204
5 -3 6 -15 -19 6
0.4982
10 -17 16 -15 -10 4
0.5877
13 -20 18 -12 -16 15
0.7563
2 -7 9 -7 -6 5
0.6855
19 -17 7 -11 -5 10
0.7398
8 -4 6 -16 -18 18
0.7262
6 -7 17 -11 -8 8
0.8192
13 -2 1 -8 -4 8
0.8716
8 -11 8 -2 -6 6
0.8444
10 -8 11 -2 -3 13
-1
10 -11 7 -5 -1 7
0.89
11 -7 17 -6 -9 13
-1
15 -7 8 -20 -8 0
0.4969
5 -6 1 -5 -19 15
0.7199
9 -16 19 -15 -7 7
0.6942
9 -9 14 -18 -18 19
0.7557
5 -11 3 -14 -5 5
0.4032
2 -6 15 -7 -11 13
0.9129
14 -19 17 -14 -4 11
0.7778
2 -14 16 -20 -5 12
0.6499
11 -20 7 -17 -20 11
0.4991
12 -3 4 -13 -4 6
0.7045
6 -20 16 -9 -1 14
0.8723
7 -2 14 -11 -12 5
0.7536
1 -18 8 -12 -14 7
0.4156
10 -11 19 -3 -1 3
-1
3 -8 1 -18 -11 11
0.4358
3 -5 17 -6 -11 9
0.9075
2 -8 2 -2 -15 5
0.4731
9 -18 13 -1 -5 17
-1
12 -1 9 -13 -12 15
0.8788
12 -5 16 -4 -11 18
-1
7 -4 15 -6 -8 12
-1
18 -2 6 -20 -14 13
0.7222
0 -3 17 -1 -16 1
0.7861
1 -4 0 -1 -8 2
0.3489
13 -19 3 -18 -2 9
0.5015
10 -5 6 -16 -18 5
0.5132
13 -16 13 -16 -7 18
0.8066
1 -12 14 -2 -11 9
0.8364
7 -6 14 -7 -5 16
-1
6 -1 11 -17 -10 16
0.8273
2 -5 17 -12 -7 3
0.7051
1 -2 5 -16 -14 13
0.6123
5 -11 16 -6 -16 16
0.8822
3 -20 4 -6 -13 4
0.3297
1 -10 16 -12 -7 13
0.8106
6 -12 13 -18 -13 9
0.588
9 -5 6 -13 -7 6
0.6406
16 -11 8 -12 -4 10
0.7992
19 -9 17 -4 -1 17
-1
5 -5 2 -7 -8 3
0.4829
19 -1 11 -8 -9 16
-1
17 -11 17 -1 -13 14
-1
18 -9 7 -16 -15 16
0.752
17 -3 12 -10 -9 7
0.8854
16 -10 14 -18 -20 17
0.7496
3 -7 14 -5 -4 13
-1
17 -1 16 -8 -10 16
-1
1 -11 9 -8 -12 17
0.7982
2 -3 14 -3 -19 17
0.9855
4 -16 2 -17 -3 0
0.1604
14 -6 6 -15 -15 15
0.7424
14 -1 4 -7 -13 12
0.9009
8 -4 18 -5 -19 19
-1
13 -12 7 -12 -13 2
0.5093
2 -8 5 -11 -8 16
0.7594
16 -1 13 -15 -15 12
0.8337
15 -8 7 -6 -13 3
0.6832
16 -11 2 -11 -1 1
0.526
1 -2 7 -9 -4 7
0.7699
14 -13 5 -8 -1 18
-1
8 -1 2 -18 -20 15
0.6168
15 -7 8 -19 -12 13
0.7026
17 -6 0 -8 -15 12
0.751
6 -3 12 -10 -19 16
0.8371
5 -4 18 -15 -1 1
0.7343
7 -16 8 -16 -8 15
0.6464
12 -19 16 -6 -20 19
0.8388
5 -1 7 -19 -10 6
0.5422
4 -7 19 -20 -1 13
0.8276
3 -7 10 -7 -16 11
0.7389
18 -7 19 -14 -8 3
0.7966
13 -20 13 -18 -5 16
0.7277
5 -5 5 -9 -17 17
0.7816
15 -9 6 -9 -15 17
0.8425
6 -5 13 -20 -7 7
0.6372
0 -5 18 -18 -5 2
0.5983
17 -7 11 -14 -13 0
0.6034
14 -3 3 -12 -5 16
0.9394
1 -12 8 -2 -13 18
0.9216
7 -2 7 -13 -7 7
0.7039
4 -18 17 -1 -16 12
0.8267
12 -18 9 -3 -1 2
0.7072
2 -11 1 -4 -12 0
0.1593
8 -8 9 -6 -8 5
0.7454
14 -5 11 -13 -5 0
0.673
8 -13 19 -11 -12 4
0.6834
14 -8 12 -16 -2 3
0.6905
12 -1 19 -15 -4 10
0.954
6 -1 18 -11 -3 10
-1
7 -20 12 -13 -13 3
0.4618
4 -13 17 -6 -2 2
0.7701
14 -9 14 -6 -16 12
0.8822
4 -13 16 -1 -5 4
0.9023
2 -17 15 -12 -11 5
0.5379
5 -14 8 -20 -4 10
0.5285
5 -5 14 -12 -13 4
0.6522
15 -9 5 -16 -9 4
0.5437
4 -15 15 -5 -8 3
0.6685
13 -12 0 -2 -9 13
0.8727
1 -7 0 -19 -15 8
0.285
8 -4 7 -14 -20 14
0.6866
19 -4 8 -9 -7 8
0.9105
10 -6 10 -1 -7 11
-1
5 -3 19 -7 -1 13
-1
2 -8 17 -6 -13 15
0.9342
19 -1 2 -17 -4 3
0.6338
16 -17 8 -14 -14 8
0.5871
4 -1 16 -3 -12 8
-1
0 -6 7 -13 -18 1
0.3083
11 -5 11 -7 -11 14
0.9649
4 -20 6 -3 -11 14
0.6946
9 -5 11 -2 -10 6
0.9498
5 -13 2 -8 -4 12
0.6675
10 -13 2 -8 -14 19
0.7692
6 -19 4 -13 -8 14
0.5613
1 -1 1 -2 -1 15
-1
12 -1 4 -10 -14 19
0.9269
1 -10 5 -11 -15 8
0.4612
9 -3 4 -16 -10 18
0.7966
9 -13 16 -6 -8 14
0.9605
14 -6 8 -7 -4 3
0.8212
15 -7 5 -6 -12 4
0.696
17 -7 10 -14 -13 12
0.7832
17 -11 15 -9 -18 15
0.8584
13 -16 4 -11 -19 17
0.664
5 -14 5 -16 -18 9
0.4356
2 -8 7 -5 -17 11
0.692
1 -10 16 -20 -7 10
0.6336
17 -13 16 -11 -1 10
0.9339
16 -20 5 -20 -11 16
0.5996
19 -18 11 -13 -12 16
0.7761
18 -10 10 -10 -1 5
0.843
15 -8 5 -13 -6 0
0.5252
12 -17 2 -13 -8 4
0.4106
11 -10 18 -11 -1 16
-1
5 -18 1 -8 -17 6
0.3328
6 -19 18 -9 -11 9
0.7089
7 -9 7 -9 -17 6
0.5637
19 -19 4 -12 -3 17
0.8077
5 -17 16 -10 -11 4
0.5916
12 -14 8 -15 -12 0
0.4327
12 -4 12 -15 -11 13
0.8211
5 -6 11 -5 -1 11
-1
6 -8 0 -9 -15 6
0.4204
1 -12 3 -3 -4 13
0.8536
19 -20 3 -12 -17 7
0.5121
8 -3 0 -2 -1 2
0.8642
10 -12 2 -5 -4 19
-1
6 -16 10 -4 -10 0
0.5016
2 -5 0 -15 -19 17
0.5626
15 -4 4 -4 -18 14
0.8969
1 -13 5 -14 -6 3
0.2942
17 -13 9 -19 -12 2
0.5095
5 -3 13 -18 -13 8
0.6494
16 -3 15 -3 -13 6
0.9963
6 -20 13 -18 -6 15
0.6525
4 -3 14 -14 -11 6
0.692
13 -15 18 -14 -13 4
0.6486
8 -12 15 -11 -8 18
0.9127
13 -13 18 -1 -20 2
0.7545
15 -5 4 -19 -7 8
0.6232
19 -12 16 -18 -13 7
0.6924
1 -2 8 -17 -17 6
0.4805
3 -1 11 -12 -18 9
0.6878
9 -17 17 -13 -16 3
0.5653
12 -14 17 -19 -18 14
0.6896
1 -9 18 -15 -11 17
0.8152
0 -9 0 -13 -19 12
0.3989
5 -2 14 -16 -12 14
0.8062
11 -15 16 -14 -16 15
0.7453
9 -18 15 -4 -15 8
0.7289
13 -17 15 -4 -15 6
0.7391
5 -1 12 -2 -12 5
0.9371
9 -19 17 -3 -8 10
0.8819
9 -15 13 -6 -15 13
0.7927
7 -7 15 -19 -10 12
0.7233
1 -13 17 -3 -9 4
0.7547
14 -11 2 -7 -9 17
0.8835
2 -14 12 -4 -12 17
0.891
13 -5 7 -7 -17 17
0.9021
11 -19 7 -4 -19 1
0.4555
12 -5 12 -2 -19 11
0.9263
4 -1 2 -13 -5 0
0.3049
14 -19 0 -18 -18 19
0.5596
7 -17 0 -1 -7 19
0.9557
12 -19 5 -4 -11 4
0.5379
10 -4 12 -4 -19 6
0.7946
0 -4 7 -18 -6 13
0.6485
7 -18 14 -20 -7 0
0.4178
3 -2 10 -6 -4 4
0.8712
1 -3 9 -18 -7 12
0.6763
17 -10 3 -12 -6 5
0.6178
9 -2 18 -20 -5 3
0.711
8 -15 10 -5 -16 17
0.8245
12 -9 10 -3 -15 4
0.7419
5 -11 11 -6 -13 18
0.9029
8 -20 2 -1 -1 4
0.5087
8 -14 17 -7 -18 5
0.6716
9 -11 5 -11 -17 9
0.5659
18 -13 16 -15 -8 13
0.8319
8 -20 5 -15 -3 5
0.4078
15 -5 19 -11 -3 3
0.912
10 -2 7 -3 -2 11
-1
18 -19 5 -19 -8 16
0.6508
16 -6 15 -9 -2 2
0.9034
14 -8 0 -8 -7 17
0.9152
13 -12 7 -10 -6 12
0.7995
19 -9 13 -2 -19 15
0.99
12 -6 19 -11 -1 19
-1
16 -8 7 -17 -11 4
0.5727
14 -16 0 -19 -11 7
0.4065
0 -2 18 -16 -11 15
0.8387
6 -18 10 -18 -13 15
0.5907
17 -20 4 -18 -9 17
0.6421
19 -3 19 -5 -16 11
-1
9 -18 1 -7 -10 4
0.3843
6 -14 14 -9 -20 12
0.6892
5 -10 14 -12 -2 15
0.9212
4 -4 13 -5 -1 4
-1
11 -5 14 -15 -19 17
0.8063
17 -10 2 -12 -17 2
0.4706
4 -15 3 -5 -13 16
0.7009
15 -3 11 -6 -12 13
-1
16 -8 8 -7 -18 11
0.7885
0 -16 12 -10 -1 5
0.5624
12 -10 10 -12 -11 8
0.694
17 -8 14 -15 -15 5
0.6858
2 -3 19 -19 -17 17
0.7822
6 -11 14 -1 -3 19
-1
10 -20 5 -10 -4 9
0.5783
17 -4 0 -8 -16 12
0.7669
19 -16 4 -1 -1 3
0.8453
3 -15 4 -11 -7 3
0.3169
4 -18 3 -2 -4 11
0.7015
19 -9 3 -20 -17 11
0.5858
19 -12 17 -6 -15 4
0.7999
12 -8 5 -2 -4 6
0.9735
0 -1 2 -15 -5 14
0.6942
13 -5 4 -5 -13 15
0.9413
5 -4 15 -4 -11 1
0.792
13 -1 7 -16 -18 4
0.5809
15 -2 14 -8 -17 9
0.8764
7 -6 11 -19 -4 4
0.5808
1 -5 0 -2 -5 17
-1
8 -4 4 -17 -1 1
0.436
3 -4 16 -1 -10 9
-1
12 -8 1 -17 -10 18
0.7063
6 -9 15 -13 -16 11
0.7134
2 -15 10 -6 -4 14
0.8619
12 -11 18 -9 -1 9
0.9803
1 -11 19 -6 -4 10
0.9603
14 -6 10 -19 -20 12
0.66
18 -13 8 -11 -18 16
0.7657
3 -4 16 -7 -7 16
-1
5 -8 18 -16 -20 1
0.5371
1 -2 3 -9 -16 9
0.5713
19 -5 16 -4 -3 0
-1
11 -6 8 -13 -15 9
0.6725
19 -14 5 -15 -6 8
0.6408
2 -3 4 -16 -4 5
0.4511
14 -9 2 -8 -2 6
0.7303
10 -8 19 -13 -7 17
0.962
2 -1 7 -15 -15 0
0.3601
4 -5 11 -8 -1 11
-1
12 -5 15 -4 -14 17
-1
18 -16 2 -19 -7 11
0.5662
11 -9 0 -17 -13 15
0.5934
8 -5 7 -17 -2 18
0.8767
13 -20 2 -7 -7 19
0.8043
5 -14 18 -1 -3 9
-1
0 -10 15 -6 -16 2
0.5743
1 -14 18 -12 -16 5
0.5748
9 -17 12 -13 -15 7
0.5669
1 -1 16 -19 -6 11
0.7746
7 -2 17 -2 -17 8
0.9647
4 -2 4 -10 -12 0
0.3793
5 -7 17 -7 -15 12
0.8709
12 -6 6 -9 -20 13
0.739
5 -16 1 -15 -18 10
0.3764
5 -12 0 -17 -3 13
0.5063
15 -18 3 -18 -16 19
0.6207
3 -1 10 -2 -10 1
0.8047
12 -14 8 -13 -6 2
0.5212
0 -12 13 -8 -3 5
0.6715
12 -3 0 -8 -10 19
0.9698
14 -5 16 -3 -10 13
-1
5 -11 9 -10 -20 4
0.4837
18 -1 6 -9 -4 3
0.8688
0 -1 19 -12 -10 13
0.9123
11 -18 7 -11 -18 11
0.5782
4 -9 5 -16 -19 18
0.6244
16 -8 17 -20 -3 10
0.8109
10 -16 10 -11 -15 2
0.4891
14 -18 13 -3 -7 8
0.8622
16 -17 15 -16 -10 8
0.6732
19 -19 3 -16 -15 0
0.3828
2 -19 7 -17 -6 2
0.2715
6 -4 7 -12 -3 18
0.981
7 -15 6 -13 -4 17
0.7523
13 -15 2 -6 -12 8
0.5975
13 -1 12 -7 -3 12
-1
17 -3 8 -18 -18 5
0.6069
3 -6 12 -5 -10 10
0.8906
14 -10 0 -5 -3 6
0.7302
13 -17 13 -12 -18 15
0.7205
16 -7 17 -13 -10 12
0.8881
1 -19 6 -2 -20 13
0.5828
11 -6 10 -19 -6 4
0.595
6 -3 19 -10 -7 6
0.8935
1 -5 2 -14 -1 17
0.8056
1 -17 13 -20 -15 0
0.3115
10 -1 10 -7 -12 5
0.8184
16 -14 13 -1 -16 2
0.7423
12 -20 18 -4 -11 12
0.8746
16 -2 18 -9 -15 6
0.8809
13 -6 5 -1 -15 0
0.6511
19 -1 8 -16 -9 10
0.8184
9 -3 6 -19 -3 5
0.5789
11 -8 14 -17 -13 3
0.5961
7 -9 0 -13 -19 16
0.5815
19 -20 11 -14 -13 18
0.7634
8 -3 2 -14 -10 13
0.6973
14 -19 12 -9 -10 14
0.7897
3 -12 18 -14 -4 17
0.8867
1 -7 1 -14 -1 1
0.1351
8 -11 8 -20 -8 1
0.3941
12 -2 9 -11 -1 0
0.7523
4 -8 14 -3 -9 8
0.9236
12 -14 6 -13 -12 9
0.5894
4 -19 10 -2 -15 4
0.5298
5 -6 15 -12 -2 15
0.9872
9 -18 5 -12 -19 12
0.5324
9 -3 5 -17 -8 9
0.6407
8 -10 8 -20 -20 3
0.4032
9 -8 1 -16 -11 0
0.2823
7 -5 10 -8 -6 10
0.9045
4 -11 10 -17 -8 5
0.4923
18 -13 10 -4 -18 17
0.911
18 -8 6 -7 -10 7
0.7984
1 -6 15 -16 -14 14
0.7281
17 -18 16 -5 -3 0
0.7743
10 -5 14 -7 -8 12
-1
6 -9 19 -9 -10 5
0.7789
2 -3 2 -7 -2 5
0.6309
2 -20 14 -7 -3 17
0.8915
19 -2 9 -8 -14 6
0.8386
11 -20 16 -3 -19 14
0.8074
10 -6 3 -15 -6 13
0.7179
4 -16 10 -8 -18 3
0.4518
1 -18 19 -20 -20 3
0.4382
19 -5 9 -4 -16 1
0.7584
6 -2 7 -1 -5 6
-1
15 -17 2 -13 -10 4
0.4434
5 -17 7 -4 -17 8
0.5582
14 -16 14 -4 -8 16
-1
3 -6 9 -19 -13 16
0.6696
0 -11 14 -13 -2 7
0.6687
7 -13 5 -11 -10 10
0.589
17 -8 18 -4 -8 11
-1
11 -3 15 -19 -19 13
0.7344
7 -6 2 -5 -11 10
0.7453
19 -3 0 -18 -7 1
0.4888
3 -10 16 -4 -10 19
-1
12 -14 6 -13 -2 4
0.5535
0 -16 10 -17 -15 12
0.5012
13 -15 2 -19 -15 13
0.5212
7 -20 12 -12 -12 10
0.5987
9 -2 19 -11 -20 16
0.8981
12 -17 0 -15 -5 19
0.679
17 -8 0 -7 -16 14
0.7705
16 -5 14 -17 -1 17
0.9844
19 -6 17 -17 -17 14
0.8192
19 -4 11 -3 -13 17
-1
1 -8 1 -9 -18 1
0.1453
6 -3 10 -12 -19 17
0.7999
11 -15 15 -17 -7 18
0.8089
11 -4 13 -2 -9 15
-1
6 -5 18 -17 -7 17
0.895
17 -14 0 -10 -8 3
0.4801
3 -5 4 -11 -7 3
0.4359
2 -7 2 -17 -12 9
0.4091
4 -17 14 -15 -17 7
0.5183
11 -11 5 -15 -7 2
0.4516
4 -17 11 -20 -13 6
0.4289
17 -14 4 -19 -1 4
0.5095
10 -18 15 -7 -4 4
0.7213
2 -11 13 -10 -11 14
0.777
5 -1 14 -5 -16 15
0.9964
9 -11 14 -10 -2 19
-1
6 -18 18 -5 -1 1
0.7376
3 -12 17 -8 -11 12
0.8231
19 -15 9 -14 -8 12
0.7468
18 -3 15 -2 -15 0
0.8929
11 -1 18 -3 -13 9
-1
0 -14 1 -4 -6 4
0.2552
14 -5 19 -15 -8 17
0.9643
17 -14 17 -20 -15 1
0.5658
12 -14 3 -10 -5 7
0.588
17 -4 9 -10 -3 0
0.7718
9 -16 3 -12 -9 0
0.3068
4 -3 13 -9 -13 12
0.857
14 -12 2 -1 -19 9
0.6912
4 -17 5 -13 -6 17
0.6577
19 -11 13 -11 -13 10
0.8008
13 -20 18 -14 -19 9
0.6418
12 -11 12 -19 -13 8
0.6091
12 -20 15 -9 -13 12
0.7397
6 -1 8 -9 -15 9
0.7538
19 -15 6 -15 -6 16
0.779
0 -15 15 -17 -8 4
0.4736
18 -13 14 -4 -13 16
-1
12 -10 14 -10 -9 3
0.7075
2 -17 19 -17 -20 1
0.4457
18 -17 14 -20 -1 6
0.6597
5 -7 7 -11 -14 7
0.5778
3 -1 7 -18 -3 11
0.7135
10 -19 19 -13 -3 12
0.8126
1 -15 8 -18 -15 16
0.5497
12 -17 17 -13 -11 12
0.7531
5 -3 14 -18 -11 13
0.7593
19 -3 18 -13 -18 5
0.7875
0 -16 2 -8 -17 16
0.534
8 -11 16 -19 -9 6
0.6186
2 -19 0 -20 -9 4
0.1421
14 -19 19 -6 -13 0
0.6646
3 -18 13 -18 -12 17
0.6391
11 -7 4 -16 -1 1
0.4679
9 -12 8 -5 -10 4
0.6445
2 -19 15 -6 -18 13
0.6893
4 -7 17 -18 -12 17
0.7921
2 -12 18 -19 -1 8
0.6733
6 -2 5 -2 -4 13
-1
10 -16 9 -8 -8 15
0.818
7 -11 6 -1 -2 4
0.8551
14 -6 1 -2 -16 18
0.9901
10 -7 18 -9 -15 2
0.7219
11 -15 0 -19 -10 7
0.3785
16 -4 4 -9 -15 17
0.8898
6 -15 0 -14 -4 5
0.3088
3 -11 13 -6 -1 19
-1
0 -11 11 -13 -1 7
0.6171
14 -11 17 -7 -8 17
-1
5 -6 1 -8 -6 4
0.4663
1 -7 18 -12 -3 10
0.8734
18 -15 5 -11 -2 12
0.8043
6 -13 1 -16 -11 6
0.3387
2 -3 7 -19 -7 16
0.7193
7 -8 16 -20 -16 7
0.6013
12 -16 9 -12 -5 0
0.4935
8 -11 7 -10 -18 3
0.4743
7 -1 8 -17 -9 8
0.6643
6 -6 17 -9 -15 17
0.9256
18 -3 3 -15 -9 16
0.8474
10 -13 6 -7 -1 4
0.6622
17 -10 1 -1 -3 13
-1
6 -7 13 -10 -7 16
0.9481
5 -5 7 -14 -18 12
0.6304
7 -5 17 -14 -16 18
0.8621
18 -9 11 -1 -16 1
0.7804
17 -12 19 -18 -18 14
0.7595
17 -1 15 -12 -2 18
-1
8 -17 4 -9 -2 13
0.7137
18 -18 14 -20 -4 19
0.8099
1 -11 2 -9 -12 14
0.5872
15 -9 14 -5 -10 14
-1
18 -10 16 -3 -9 5
0.9657
4 -1 7 -13 -18 8
0.6007
11 -17 15 -7 -16 19
0.8683
5 -2 15 -13 -20 19
0.8536
8 -10 8 -17 -6 3
0.4844
4 -18 16 -16 -5 8
0.6088
12 -12 8 -3 -8 17
-1
7 -8 1 -2 -5 14
-1
8 -10 12 -14 -20 1
0.4814
11 -15 0 -19 -11 9
0.4141
7 -6 14 -5 -10 3
0.8011
13 -16 8 -10 -16 11
0.6518
6 -14 17 -10 -15 17
0.8228
5 -13 16 -19 -9 10
0.638
12 -12 13 -10 -17 10
0.7218
5 -12 7 -20 -17 6
0.3991
9 -16 12 -2 -11 5
0.729
4 -4 4 -17 -11 1
0.3106
2 -16 5 -20 -15 9
0.3594
18 -8 19 -18 -18 12
0.7731
0 -13 5 -2 -17 17
0.7588
17 -6 18 -4 -3 16
-1
19 -20 0 -17 -4 17
0.6535
9 -20 15 -14 -15 10
0.6152
14 -19 1 -11 -19 6
0.4218
10 -17 17 -16 -7 10
0.7017
11 -3 17 -1 -16 5
0.9661
13 -8 7 -16 -1 8
0.7149
7 -5 17 -18 -14 15
0.7859
11 -8 19 -7 -3 18
-1
16 -6 16 -17 -1 9
0.878
7 -16 16 -11 -14 16
0.779
11 -14 12 -13 -2 16
0.8825
16 -13 2 -7 -8 16
0.8637
5 -16 15 -8 -16 14
0.7497
14 -13 19 -19 -18 3
0.5942
15 -12 18 -16 -13 4
0.6675
3 -11 2 -16 -10 8
0.3799
9 -20 5 -5 -9 12
0.6724
0 -3 9 -12 -12 3
0.4972
4 -9 3 -10 -11 4
0.3985
2 -6 3 -10 -12 10
0.5731
14 -11 8 -17 -10 17
0.7575
3 -16 16 -6 -14 10
0.7276
12 -8 13 -13 -9 3
0.6704
19 -4 18 -17 -19 10
0.7836
3 -1 11 -14 -19 12
0.7026
19 -17 14 -14 -13 14
0.7665
13 -8 11 -7 -9 5
0.7958
17 -3 0 -1 -4 8
-1
5 -1 10 -5 -8 16
-1
18 -5 18 -15 -8 4
0.807
18 -11 4 -15 -20 9
0.5776
12 -4 9 -2 -5 7
-1
6 -2 6 -2 -17 4
0.7074
13 -5 6 -7 -4 12
-1
4 -19 0 -16 -13 19
0.5062
3 -8 18 -6 -11 6
0.8185
2 -12 7 -16 -11 14
0.5843
9 -19 9 -8 -11 11
0.6621
8 -20 0 -18 -1 19
0.5881
0 -8 2 -15 -15 11
0.4257
0 -1 10 -7 -20 4
0.5926
8 -5 13 -4 -10 11
-1
9 -18 5 -14 -16 1
0.3267
5 -10 3 -7 -16 7
0.5012
8 -13 2 -8 -9 16
0.7469
17 -12 9 -13 -7 2
0.6109
5 -9 9 -8 -1 16
-1
17 -12 12 -9 -4 4
0.7912
18 -13 18 -13 -19 16
0.8199
18 -20 9 -9 -10 17
0.8212
4 -1 1 -3 -14 0
0.384
8 -13 0 -3 -4 17
-1
7 -13 13 -8 -20 11
0.6922
19 -1 19 -11 -6 11
-1
14 -19 10 -10 -3 1
0.5636
16 -15 4 -14 -10 17
0.7272
18 -3 18 -20 -10 15
0.8765
18 -20 10 -1 -7 1
0.7102
10 -4 10 -20 -8 17
0.7982
19 -15 4 -16 -14 12
0.6193
5 -20 6 -9 -8 9
0.5183
19 -20 2 -12 -6 6
0.5316
5 -20 2 -20 -2 19
0.5553
13 -13 14 -10 -20 11
0.722
0 -15 19 -14 -18 4
0.5225
18 -12 12 -8 -7 13
0.9446
1 -12 18 -20 -3 19
0.8127
7 -18 9 -9 -2 1
0.4762
13 -6 18 -8 -11 4
0.8479
14 -11 17 -1 -9 16
-1
7 -16 13 -18 -5 15
0.7081
1 -15 17 -1 -18 9
0.7621
19 -6 4 -20 -19 14
0.6533
18 -15 17 -8 -13 8
0.809
17 -17 3 -7 -6 0
0.4873
17 -13 11 -20 -13 18
0.7411
1 -15 2 -19 -7 7
0.268
8 -18 7 -6 -13 19
0.8011
15 -6 0 -9 -18 17
0.7765
3 -12 1 -13 -2 1
0.1769
15 -5 17 -12 -13 3
0.7597
3 -13 11 -7 -2 3
0.6278
13 -6 12 -3 -16 16
-1
7 -7 15 -12 -7 9
0.8134
17 -4 2 -16 -1 0
0.5315
5 -12 13 -10 -16 15
0.756
10 -8 13 -2 -18 19
-1
3 -2 8 -19 -2 7
0.6105
5 -4 8 -20 -9 4
0.4768
9 -11 1 -3 -15 9
0.6295
7 -16 7 -19 -1 7
0.4806
3 -9 5 -16 -16 1
0.273
4 -14 15 -11 -1 16
0.9246
6 -19 18 -10 -4 1
0.6029
14 -17 8 -1 -12 13
0.8864
15 -6 0 -15 -9 15
0.7301
15 -13 18 -5 -4 6
0.9715
16 -20 14 -8 -15 4
0.6341
14 -11 2 -17 -2 12
0.6601
3 -9 5 -10 -7 16
0.7906
6 -8 19 -4 -17 5
0.8034
8 -15 10 -10 -9 10
0.6829
12 -15 18 -16 -4 3
0.6611
11 -12 14 -12 -4 16
0.9228
16 -3 5 -10 -1 16
-1
14 -7 4 -19 -5 8
0.6047
10 -20 3 -8 -19 17
0.6231
14 -20 9 -4 -15 12
0.7395
15 -20 18 -1 -4 0
0.8319
16 -12 18 -4 -9 11
-1
6 -10 11 -10 -14 0
0.4895
3 -13 19 -6 -19 17
0.8571
19 -5 11 -7 -1 2
0.9733
4 -9 16 -19 -9 8
0.6356
18 -8 14 -4 -17 5
0.8351
4 -15 1 -7 -19 7
0.3688
0 -15 4 -3 -3 18
0.9952
8 -1 7 -20 -13 3
0.4862
14 -9 1 -16 -1 4
0.5016
3 -12 15 -9 -5 9
0.7941
1 -7 10 -17 -7 2
0.4229
13 -19 13 -6 -11 17
0.8841
0 -10 18 -17 -6 18
0.8307
8 -3 19 -2 -5 13
-1
18 -13 13 -18 -2 17
0.8719
11 -17 11 -16 -14 12
0.6228
15 -10 14 -15 -14 4
0.644
10 -5 12 -10 -15 6
0.7208
1 -5 12 -20 -8 12
0.6586
1 -14 3 -5 -10 12
0.603
15 -2 5 -11 -18 11
0.7501
17 -9 17 -6 -12 14
-1
9 -13 17 -14 -15 13
0.7412
8 -8 2 -15 -10 2
0.3519
6 -1 16 -19 -20 10
0.6833
13 -6 9 -6 -1 19
-1
15 -17 12 -2 -8 3
0.771
10 -17 10 -15 -17 17
0.6684
18 -13 14 -2 -8 17
-1
7 -19 3 -9 -7 19
0.7333
12 -7 17 -3 -15 16
-1
9 -7 15 -9 -6 3
0.7867
1 -11 4 -19 -5 3
0.2434
12 -13 3 -20 -14 10
0.4875
3 -14 6 -14 -9 10
0.5107
19 -10 14 -9 -19 0
0.6522
16 -9 16 -7 -11 12
0.9569
0 -18 4 -14 -7 3
0.2063
8 -16 18 -12 -12 2
0.5947
2 -10 4 -10 -9 16
0.7188
14 -9 3 -7 -3 9
0.8519
14 -18 11 -7 -16 12
0.7323
3 -20 0 -13 -5 9
0.3217
3 -3 0 -3 -13 0
0.251
9 -9 15 -12 -13 5
0.6774
5 -19 6 -3 -10 5
0.5014
0 -15 8 -12 -5 11
0.5782
1 -3 6 -20 -12 5
0.391
18 -20 1 -13 -10 16
0.6497
11 -19 17 -18 -2 5
0.6216
11 -15 2 -3 -13 2
0.4557
18 -1 2 -20 -1 3
0.5982
4 -15 17 -4 -10 12
0.8867
2 -3 11 -8 -14 15
0.8801
11 -5 4 -10 -1 19
-1
4 -8 18 -6 -15 5
0.7607
12 -2 15 -2 -2 8
-1
4 -4 19 -5 -11 0
0.7995
18 -6 6 -1 -10 1
0.8439
3 -4 14 -7 -8 9
0.9103
7 -17 3 -6 -18 11
0.5414
13 -14 12 -8 -20 3
0.5912
2 -4 4 -8 -8 13
0.8127
6 -11 14 -3 -16 9
0.8044
18 -6 9 -11 -1 19
-1
15 -4 16 -10 -5 1
0.8494
6 -3 0 -17 -17 5
0.3477
6 -20 11 -8 -6 13
0.7381
17 -4 6 -11 -1 2
0.7736
3 -13 18 -15 -16 5
0.5704
3 -17 19 -10 -4 2
0.6312
18 -3 5 -11 -9 14
0.9158
7 -14 8 -18 -15 11
0.5331
10 -16 17 -3 -17 16
0.9083
17 -18 18 -7 -9 6
0.8048
9 -20 18 -6 -17 15
0.8025
0 -4 2 -18 -13 1
0.1258
0 -10 19 -11 -19 16
0.7805
8 -20 16 -3 -13 16
0.8868
8 -1 18 -14 -9 1
0.735
10 -18 16 -12 -10 12
0.7402
16 -13 6 -15 -1 13
0.7802
4 -11 14 -16 -3 14
0.7871
6 -16 6 -7 -4 9
0.656
15 -13 9 -8 -5 1
0.6485
2 -11 1 -15 -14 16
0.5247
14 -14 17 -6 -18 11
0.8199
7 -4 1 -4 -18 11
0.712
12 -16 18 -7 -1 14
-1
2 -4 5 -13 -2 2
0.4237
9 -2 8 -15 -17 14
0.7376
3 -12 14 -5 -14 8
0.7288
6 -14 0 -4 -9 12
0.6443
4 -2 18 -6 -6 13
-1
1 -4 17 -13 -1 8
0.8732
3 -8 17 -4 -15 10
0.8702
8 -13 9 -7 -19 16
0.7548
14 -13 4 -2 -8 3
0.6715
7 -9 15 -8 -12 8
0.786
5 -20 10 -3 -13 13
0.7282
15 -12 6 -15 -3 6
0.6225
16 -14 13 -2 -13 3
0.7769
15 -9 16 -16 -10 5
0.7077
10 -5 13 -11 -8 19
-1
10 -19 12 -13 -14 5
0.5314
11 -11 8 -8 -14 12
0.7541
14 -14 5 -10 -15 19
0.7817
9 -19 0 -5 -5 16
0.7451
2 -17 13 -11 -17 5
0.4852
7 -6 19 -2 -8 17
-1
11 -3 14 -6 -10 5
0.9032
14 -2 5 -4 -1 3
-1
10 -6 4 -15 -12 2
0.4428
15 -10 9 -1 -7 16
-1
0 -11 8 -18 -8 18
0.6623
9 -14 0 -6 -4 7
0.5495
19 -14 12 -14 -11 5
0.6609
11 -15 4 -8 -16 17
0.7228
1 -11 12 -2 -12 13
0.9002
16 -8 1 -4 -14 15
0.8891
11 -9 5 -11 -4 3
0.5761
12 -14 4 -5 -7 9
0.7358
2 -14 9 -2 -5 2
0.5794
16 -7 15 -13 -11 15
0.9007
19 -2 19 -10 -7 1
0.9111
0 -1 7 -6 -19 16
0.8366
6 -19 0 -7 -12 14
0.5408
15 -20 14 -13 -11 17
0.7828
6 -20 9 -5 -19 2
0.4288
11 -6 17 -8 -11 17
-1
14 -4 14 -14 -13 14
0.862
17 -19 3 -20 -3 14
0.6053
0 -14 14 -2 -8 1
0.6125
12 -8 18 -9 -20 12
0.8282
10 -5 19 -13 -3 11
0.9644
3 -16 12 -14 -2 8
0.6049
14 -11 18 -17 -17 8
0.6872
14 -15 5 -20 -20 9
0.4822
19 -16 4 -19 -7 18
0.7113
17 -7 2 -15 -14 2
0.4805
16 -3 1 -3 -13 15
-1
9 -17 16 -8 -1 8
0.8459
4 -12 2 -3 -15 15
0.7233
10 -10 5 -4 -18 19
0.8773
18 -6 18 -13 -16 10
0.8341
15 -19 0 -7 -19 13
0.5801
8 -19 17 -5 -16 7
0.6947
12 -1 15 -20 -2 12
0.8803
17 -4 8 -18 -20 4
0.5724
7 -8 5 -2 -1 5
0.9711
17 -17 14 -13 -9 8
0.7128
6 -6 2 -20 -1 9
0.5092
17 -5 9 -2 -20 9
0.8804
10 -9 19 -3 -1 17
-1
19 -8 18 -6 -12 17
-1
15 -12 15 -16 -20 19
0.7812
15 -20 8 -8 -2 8
0.7217
9 -16 3 -2 -7 7
0.6476
10 -16 12 -18 -1 7
0.6128
1 -11 5 -16 -12 17
0.6039
13 -19 13 -2 -15 8
0.7573
0 -11 9 -1 -11 4
0.6197
12 -1 9 -18 -7 6
0.6926
11 -16 14 -18 -19 19
0.7046
0 -1 10 -13 -2 13
0.9093
3 -1 5 -14 -2 4
0.5605
9 -18 8 -16 -11 5
0.4528
8 -2 1 -8 -8 12
0.8417
12 -16 2 -2 -11 2
0.4866
8 -14 9 -20 -13 11
0.5464
11 -15 0 -15 -6 2
0.3126
4 -13 12 -11 -6 2
0.5301
7 -10 9 -5 -20 10
0.6982
8 -19 2 -13 -15 18
0.5831
16 -5 19 -9 -3 7
-1
6 -2 3 -10 -17 7
0.5677
7 -2 2 -7 -20 15
0.7628
9 -12 4 -4 -12 12
0.7626
18 -9 18 -2 -3 13
-1
9 -3 10 -11 -14 13
0.8265
7 -15 8 -19 -14 0
0.3244
6 -13 9 -18 -8 18
0.7067
4 -3 10 -8 -18 8
0.7029
12 -2 7 -3 -7 2
0.9066
3 -11 15 -11 -20 4
0.5496
10 -12 10 -9 -16 13
0.7414
19 -14 3 -19 -14 3
0.4454
10 -20 11 -14 -13 15
0.661
8 -10 11 -16 -19 17
0.7022
3 -13 8 -19 -15 11
0.4908
1 -3 16 -4 -8 0
0.8059
19 -16 16 -3 -12 19
-1
19 -5 6 -12 -15 6
0.6888
18 -3 3 -19 -3 8
0.6965
3 -9 19 -15 -18 5
0.6079
12 -3 12 -16 -16 2
0.6015
6 -18 12 -19 -10 14
0.6067
8 -12 4 -9 -2 14
0.833
15 -15 7 -11 -2 0
0.5366
16 -17 4 -6 -3 15
0.9165
6 -4 8 -9 -15 10
0.7328
6 -19 1 -11 -5 1
0.2185
11 -2 15 -12 -4 1
0.8009
3 -13 14 -4 -3 8
0.9074
2 -17 7 -20 -20 2
0.2456
9 -3 3 -5 -7 17
-1
19 -12 11 -18 -11 13
0.7351
16 -16 14 -6 -6 18
-1
16 -1 18 -20 -20 15
0.8066
8 -7 19 -6 -16 11
0.9009
2 -20 2 -8 -14 0
0.126
18 -12 14 -1 -3 19
-1
3 -2 14 -10 -18 11
0.7813
18 -12 18 -13 -18 13
0.8014
5 -3 10 -12 -4 2
0.6484
1 -11 5 -14 -20 17
0.5766
8 -9 15 -14 -1 2
0.6861
14 -3 7 -4 -15 18
-1
8 -11 10 -6 -4 8
0.8509
10 -2 13 -5 -19 15
0.9599
3 -18 0 -13 -7 6
0.2534
0 -9 13 -11 -5 7
0.686
19 -7 7 -6 -1 11
-1
3 -4 7 -12 -3 13
0.8517
8 -20 11 -2 -7 10
0.8091
4 -20 10 -13 -15 0
0.3253
12 -15 11 -3 -18 0
0.5736
18 -7 16 -10 -13 0
0.7308
4 -5 17 -6 -13 18
-1
7 -12 6 -6 -4 11
0.828
2 -6 19 -14 -2 15
0.9586
14 -14 19 -19 -18 19
0.773
18 -9 18 -2 -9 10
-1
16 -17 15 -4 -19 1
0.649
14 -7 9 -8 -19 15
0.8326
13 -16 3 -18 -3 17
0.6784
7 -19 3 -2 -10 10
0.6171
7 -4 18 -4 -4 15
-1
16 -20 16 -8 -1 8
0.8604
14 -7 19 -20 -3 3
0.726
2 -2 1 -8 -3 7
0.6641
5 -7 14 -16 -5 16
0.8547
1 -10 15 -5 -3 16
-1
5 -1 18 -4 -5 12
-1
12 -3 13 -11 -18 11
0.8066
13 -8 13 -2 -4 3
-1
2 -2 9 -10 -19 6
0.5937
0 -8 3 -2 -4 12
0.9895
2 -15 3 -12 -18 4
0.2645
4 -9 3 -15 -2 4
0.3769
5 -7 8 -1 -10 5
0.8119
11 -1 8 -12 -15 16
0.8613
11 -10 6 -1 -7 7
0.9143
3 -6 0 -6 -15 15
0.7059
17 -19 7 -12 -5 5
0.588
11 -13 10 -7 -18 3
0.5755
16 -18 6 -19 -10 3
0.443
0 -2 2 -6 -19 15
0.7218
14 -9 13 -12 -15 3
0.6459
3 -1 10 -5 -9 13
-1
4 -20 10 -13 -3 19
0.7648
2 -15 3 -6 -8 13
0.633
10 -15 0 -6 -8 18
0.8108
9 -16 19 -14 -5 13
0.8179
11 -2 0 -16 -18 2
0.375
9 -9 17 -3 -10 10
-1
10 -2 0 -4 -10 15
-1
8 -9 9 -19 -13 19
0.7247
6 -19 18 -11 -4 16
0.8624
17 -16 0 -12 -13 3
0.4199
15 -10 3 -5 -3 19
-1
2 -12 18 -5 -7 3
0.7581
16 -17 11 -4 -3 2
0.7653
16 -6 0 -9 -14 19
0.8674
6 -6 8 -7 -3 7
0.8559
6 -13 5 -17 -8 11
0.5314
10 -19 17 -11 -18 13
0.7086
4 -18 18 -16 -2 3
0.5661
14 -14 14 -12 -12 3
0.6301
7 -7 1 -17 -13 11
0.505
10 -15 7 -19 -11 4
0.4276
2 -11 8 -7 -2 8
0.7386
4 -4 14 -11 -7 11
0.8757
3 -12 3 -20 -1 4
0.2801
13 -17 0 -20 -19 16
0.5009
0 -15 16 -9 -19 14
0.695
18 -7 19 -20 -5 16
0.9045
10 -15 4 -18 -6 1
0.3363
16 -2 11 -10 -1 11
-1
3 -16 1 -9 -20 7
0.3216
13 -14 19 -12 -4 8
0.8346
4 -10 18 -2 -10 2
0.8168
16 -12 9 -2 -5 3
0.8752
18 -18 8 -14 -11 18
0.7622
10 -6 2 -18 -11 6
0.4643
13 -5 13 -20 -20 7
0.6159
6 -15 3 -20 -17 15
0.482
11 -19 6 -19 -20 13
0.5063
16 -8 14 -14 -17 3
0.6475
2 -1 10 -4 -14 12
0.9405
10 -8 10 -3 -16 16
0.9596
2 -17 0 -18 -6 9
0.2841
19 -5 13 -10 -20 7
0.7713
15 -15 8 -2 -13 0
0.6072
6 -16 0 -7 -11 7
0.402
7 -11 6 -5 -10 7
0.6701
6 -11 19 -1 -19 8
0.8496
11 -11 12 -8 -7 12
0.8919
15 -8 7 -17 -12 0
0.4834
5 -11 4 -14 -4 12
0.6205
16 -20 18 -5 -5 7
0.8758
6 -3 9 -12 -9 18
0.9213
11 -1 6 -7 -15 8
0.7916
14 -6 17 -12 -15 7
0.7841
8 -1 15 -16 -10 3
0.6896
18 -8 17 -8 -19 12
0.8767
13 -3 10 -18 -17 17
0.7775
15 -11 17 -20 -3 19
0.893
19 -14 6 -6 -11 10
0.7896
8 -19 2 -9 -1 9
0.5378
12 -13 7 -1 -10 5
0.7601
18 -13 18 -15 -17 14
0.7883
7 -16 17 -1 -10 14
-1
6 -14 19 -20 -2 14
0.7714
19 -17 11 -16 -10 3
0.575
11 -3 12 -15 -5 19
0.9821
18 -12 7 -9 -19 18
0.8131
2 -13 11 -1 -4 0
0.6291
14 -2 3 -6 -8 2
0.7305
4 -13 6 -12 -12 7
0.475
6 -17 14 -5 -7 14
0.8971
3 -2 10 -14 -8 12
0.7872
12 -7 17 -17 -12 7
0.7182
18 -13 11 -12 -19 11
0.7076
7 -14 13 -8 -1 17
-1
8 -10 10 -18 -4 19
0.8209
7 -14 19 -17 -12 15
0.751
4 -10 16 -14 -4 16
0.8818
5 -2 11 -11 -4 2
0.7107
16 -7 19 -5 -18 5
0.8562
16 -8 17 -10 -5 17
-1
12 -10 2 -15 -17 15
0.6205
12 -18 11 -18 -8 7
0.5571
4 -20 17 -19 -19 6
0.4807
16 -18 9 -7 -18 1
0.5287
10 -8 14 -10 -14 3
0.6685
11 -19 11 -3 -17 5
0.6229
1 -1 14 -14 -3 6
0.7808
8 -7 13 -11 -2 16
-1
15 -4 15 -4 -19 16
-1
13 -7 10 -1 -9 8
-1
0 -19 19 -9 -9 1
0.5297
7 -18 2 -1 -14 0
0.3064
14 -16 17 -6 -1 3
0.864
5 -15 17 -4 -5 5
0.8244
9 -16 15 -13 -13 14
0.7341
15 -6 7 -2 -14 14
-1
16 -15 6 -14 -14 2
0.4762
18 -11 13 -19 -1 15
0.8593
17 -12 9 -13 -18 15
0.7392
6 -15 15 -9 -4 2
0.6376
16 -8 2 -13 -9 15
0.7762
12 -4 0 -13 -13 18
0.7785
17 -2 0 -13 -17 11
0.6797
19 -5 19 -14 -3 13
-1
11 -8 6 -12 -17 0
0.4435
3 -14 10 -12 -17 15
0.6458
10 -17 5 -3 -19 5
0.5196
0 -12 0 -9 -13 1
0.0463
11 -2 7 -14 -9 7
0.7068
2 -2 1 -19 -19 16
0.5413
11 -6 0 -7 -3 11
0.8848
12 -13 11 -13 -19 11
0.6536
18 -8 16 -6 -15 2
0.7954
15 -7 3 -20 -19 14
0.6034
15 -17 4 -17 -13 4
0.4318
6 -17 12 -8 -3 4
0.6263
9 -16 5 -4 -1 7
0.7399
15 -14 3 -20 -10 19
0.67
9 -9 9 -18 -2 6
0.6054
6 -10 18 -1 -12 19
-1
12 -17 8 -19 -6 7
0.5222
17 -16 15 -18 -12 3
0.5866
17 -6 10 -3 -3 6
-1
1 -6 9 -7 -6 4
0.6567
1 -15 15 -4 -6 10
0.8541
18 -2 19 -9 -13 6
0.9237
12 -16 11 -12 -15 2
0.5166
6 -3 4 -7 -9 6
0.6938
11 -18 11 -12 -11 0
0.4701
4 -8 18 -18 -15 14
0.7287
4 -11 11 -14 -17 18
0.7181
2 -1 19 -18 -15 18
0.8417
14 -1 16 -12 -11 1
0.772
7 -2 4 -6 -15 2
0.5557
13 -3 15 -6 -7 11
-1
12 -4 19 -20 -4 9
0.8228
7 -17 16 -5 -6 18
-1
12 -6 11 -13 -9 9
0.7759
8 -15 5 -15 -3 9
0.5485
3 -7 5 -4 -10 17
0.9686
12 -15 4 -13 -18 4
0.4281
16 -16 18 -8 -8 16
0.9678
11 -12 4 -15 -17 9
0.5176
15 -1 19 -12 -11 8
0.9149
3 -9 6 -7 -6 14
0.8547
19 -13 13 -9 -10 19
0.9739
9 -14 7 -2 -11 4
0.6401
14 -3 3 -6 -20 13
0.8046
8 -7 15 -3 -4 19
-1
2 -5 12 -19 -20 16
0.6599
8 -18 4 -15 -2 5
0.4088
12 -2 3 -2 -2 13
-1
18 -1 8 -16 -16 1
0.6036
16 -7 5 -18 -3 11
0.7312
14 -18 5 -15 -2 16
0.7296
13 -17 13 -2 -7 6
0.8507
3 -6 12 -15 -10 18
0.8251
7 -19 10 -5 -12 16
0.7935
15 -9 2 -1 -5 7
0.9791
8 -13 14 -13 -1 1
0.6081
1 -6 9 -16 -15 18
0.7115
11 -13 15 -5 -8 10
0.916
5 -20 1 -15 -8 0
0.1466
1 -13 12 -13 -18 10
0.5607
10 -10 2 -6 -17 13
0.6931
12 -1 16 -7 -5 4
-1
12 -9 13 -11 -1 5
0.8224
18 -5 8 -15 -2 6
0.7873
14 -12 8 -15 -5 8
0.6672
9 -4 14 -17 -18 2
0.5696
11 -14 1 -6 -2 0
0.3995
8 -16 6 -12 -8 8
0.5412
7 -10 10 -11 -2 2
0.6056
15 -5 15 -5 -14 17
-1
14 -11 4 -10 -2 10
0.7904
13 -17 16 -1 -12 9
0.8988
19 -13 11 -14 -2 13
0.8701
10 -4 9 -20 -5 19
0.8475
12 -16 18 -20 -12 5
0.5919
5 -6 16 -8 -10 5
0.7891
7 -11 19 -9 -8 16
0.965
3 -6 4 -9 -3 10
0.7561
4 -2 7 -16 -14 8
0.5759
7 -5 18 -4 -9 3
0.9168
13 -19 9 -2 -17 15
0.8095
3 -17 4 -20 -13 19
0.5343
2 -14 0 -8 -4 18
0.7406
5 -13 18 -1 -8 7
0.955
19 -1 6 -13 -7 11
0.8935
7 -16 12 -5 -18 2
0.538
16 -13 2 -10 -14 6
0.5455
17 -20 1 -4 -16 7
0.5483
7 -14 0 -10 -2 5
0.3901
4 -17 5 -19 -9 9
0.4039
12 -15 4 -5 -13 17
0.819
5 -5 17 -11 -10 4
0.7409
10 -20 17 -10 -2 7
0.7517
4 -13 19 -9 -14 10
0.7607
8 -17 0 -20 -10 2
0.2149
12 -5 13 -6 -14 1
0.7362
8 -20 11 -5 -2 5
0.6817
19 -5 12 -4 -8 10
-1
11 -9 3 -2 -18 15
0.8425
0 -9 4 -3 -6 12
0.8549
5 -6 2 -18 -4 16
0.6779
9 -20 14 -8 -2 2
0.6231
13 -9 4 -12 -1 3
0.5939
15 -11 13 -9 -3 4
0.8152
15 -2 1 -6 -11 14
0.9594
13 -10 17 -6 -7 13
-1
2 -6 4 -15 -19 9
0.4539
9 -4 11 -3 -6 10
-1
18 -7 8 -5 -16 16
0.9578
10 -2 15 -2 -19 10
0.9671
1 -8 10 -14 -5 0
0.4014
4 -10 2 -11 -17 9
0.4559
10 -18 1 -20 -20 7
0.3346
6 -20 19 -20 -15 3
0.4866
13 -11 0 -1 -1 1
0.6471
2 -13 3 -8 -5 5
0.3949
1 -5 16 -9 -6 4
0.7744
4 -7 7 -17 -7 19
0.7766
16 -11 8 -8 -1 15
-1
17 -5 1 -1 -14 10
0.9261
13 -10 15 -13 -14 3
0.6481
17 -8 2 -19 -17 9
0.5426
16 -11 11 -5 -7 7
0.8948
6 -12 19 -8 -9 16
0.9546
3 -15 13 -10 -10 11
0.6894
4 -3 6 -18 -4 16
0.775
11 -7 14 -4 -19 19
0.9928
3 -9 4 -8 -20 6
0.442
12 -4 8 -12 -20 6
0.6267
10 -8 5 -14 -6 2
0.4866
15 -1 11 -13 -5 11
0.9452
7 -10 18 -3 -19 9
0.8374
13 -5 13 -16 -12 3
0.6479
4 -10 11 -7 -18 1
0.4991
3 -4 7 -13 -4 17
0.8963
13 -15 19 -2 -16 7
0.8498
9 -9 4 -16 -7 16
0.716
11 -15 1 -17 -5 10
0.4962
17 -6 15 -13 -6 0
0.7398
13 -12 4 -5 -1 18
-1
18 -8 10 -3 -2 11
-1
13 -2 8 -15 -20 15
0.7557
12 -13 13 -2 -9 7
0.8992
12 -19 18 -2 -8 4
0.8231
16 -7 19 -8 -7 11
-1
6 -4 1 -7 -7 8
0.6944
2 -9 19 -8 -6 4
0.7915
0 -1 18 -18 -6 9
0.7737
7 -14 5 -4 -3 6
0.6803
15 -1 16 -5 -3 12
-1
6 -19 0 -8 -16 16
0.5456
12 -7 15 -15 -2 19
-1
7 -11 0 -20 -1 6
0.3432
2 -3 16 -15 -14 17
0.8358
6 -9 19 -19 -4 4
0.6618
1 -13 2 -15 -9 4
0.2238
18 -15 18 -13 -14 6
0.7166
14 -12 13 -1 -5 0
0.8731
10 -8 5 -4 -2 16
-1
19 -11 8 -5 -8 14
-1
19 -17 0 -8 -18 13
0.6322
14 -6 0 -10 -19 15
0.7064
13 -10 16 -17 -8 9
0.7455
6 -11 18 -20 -4 0
0.5423
0 -15 9 -13 -4 6
0.4632
17 -6 9 -14 -14 3
0.6305
13 -3 10 -7 -1 1
0.9148
19 -6 16 -1 -1 14
-1
8 -18 8 -17 -4 5
0.4592
11 -3 9 -18 -17 0
0.4822
16 -1 8 -4 -19 12
0.9383
18 -17 18 -3 -8 10
0.989
10 -19 8 -11 -16 4
0.4638
1 -14 6 -4 -1 9
0.7513
10 -14 15 -18 -4 6
0.6383
6 -2 15 -19 -15 7
0.6513
6 -8 0 -5 -20 19
0.7598
9 -8 5 -9 -6 10
0.7676
12 -5 9 -5 -4 19
-1
13 -7 9 -12 -19 11
0.7063
15 -7 11 -4 -18 16
0.9602
4 -1 12 -5 -11 7
0.9021
5 -11 9 -4 -9 10
0.819
8 -9 17 -6 -7 3
0.8287
16 -9 11 -15 -9 0
0.5868
13 -3 13 -3 -16 11
0.9934
4 -12 16 -13 -1 8
0.7656
7 -10 12 -11 -14 14
0.7688
6 -20 3 -16 -10 13
0.4706
17 -18 3 -4 -15 17
0.8018
2 -5 13 -15 -19 6
0.5625
18 -14 7 -15 -20 11
0.6179
2 -17 0 -16 -19 9
0.2739
18 -7 6 -16 -19 1
0.5056
18 -20 13 -20 -7 8
0.6155
6 -18 1 -14 -6 19
0.626
12 -8 12 -9 -19 7
0.7015
14 -8 0 -3 -16 18
0.9144
1 -5 13 -16 -10 19
0.8321
4 -15 8 -4 -8 8
0.6767
13 -2 18 -1 -16 7
-1
1 -5 19 -9 -8 13
0.9593
14 -1 5 -1 -16 14
-1
3 -17 5 -1 -14 15
0.742
14 -11 11 -2 -3 16
-1
5 -6 7 -1 -7 15
-1
14 -7 15 -9 -2 0
0.8265
10 -13 5 -19 -1 2
0.4012
15 -16 5 -18 -9 9
0.5466
16 -19 10 -16 -12 18
0.727
7 -4 11 -10 -16 1
0.5799
17 -20 19 -15 -17 6
0.6416
4 -3 9 -8 -6 14
0.9869
3 -3 7 -7 -7 9
0.8396
8 -16 1 -3 -12 5
0.4547
14 -9 12 -15 -1 11
0.856
16 -2 14 -10 -19 14
0.8955
12 -15 14 -1 -8 19
-1
16 -16 19 -3 -3 17
-1
18 -13 10 -13 -11 18
0.847
19 -3 12 -14 -8 1
0.7354
12 -6 12 -20 -3 3
0.6258
19 -12 5 -15 -1 17
0.8782
13 -8 2 -13 -2 1
0.477
10 -6 9 -7 -5 15
-1
1 -15 9 -1 -3 6
0.7589
19 -13 14 -7 -13 8
0.8227
8 -1 2 -15 -9 18
0.8206
0 -2 10 -6 -16 5
0.6612
8 -17 6 -13 -4 5
0.4738
16 -12 18 -8 -9 19
-1
11 -1 13 -11 -10 6
0.8285
10 -7 6 -16 -16 9
0.5785
19 -17 10 -7 -17 4
0.6354
10 -19 3 -3 -7 14
0.7835
11 -8 15 -10 -5 7
0.8612
8 -13 0 -12 -9 10
0.4954
5 -6 0 -13 -12 0
0.1924
15 -20 14 -17 -4 2
0.5583
11 -5 13 -3 -11 4
0.8988
16 -7 9 -13 -7 16
0.9087
3 -6 18 -15 -17 15
0.7769
14 -8 12 -3 -8 2
0.867
2 -14 16 -14 -18 15
0.6801
11 -9 11 -20 -3 11
0.7131
10 -20 12 -10 -1 2
0.5752
15 -13 12 -9 -11 12
0.824
12 -2 1 -14 -9 8
0.6358
13 -9 19 -7 -19 15
0.9106
14 -7 9 -18 -4 3
0.6081
1 -2 11 -17 -8 18
0.8347
1 -17 13 -3 -15 1
0.487
0 -14 15 -7 -16 4
0.5572
14 -20 12 -3 -19 4
0.6239
1 -19 19 -14 -19 19
0.7088
15 -4 1 -14 -1 10
0.7879
10 -4 14 -3 -8 18
-1
10 -10 10 -9 -2 1
0.6622
16 -2 8 -1 -11 16
-1
11 -3 1 -4 -17 13
0.8339
13 -1 19 -13 -4 6
0.9422
14 -16 4 -5 -1 9
0.8251
6 -8 18 -11 -13 15
0.8718
0 -19 10 -16 -2 8
0.464
4 -19 17 -16 -16 1
0.4439
5 -6 13 -18 -3 17
0.8588
5 -16 10 -5 -13 2
0.5038
8 -4 11 -8 -19 12
0.7999
13 -14 19 -4 -15 11
0.8991
15 -12 11 -6 -10 15
0.9504
14 -16 13 -1 -19 19
0.9564
1 -2 11 -14 -2 15
0.9275
4 -20 15 -8 -8 15
0.7918
5 -20 8 -13 -16 5
0.3976
12 -9 19 -2 -9 16
-1
2 -8 17 -11 -18 15
0.7879
7 -9 4 -5 -20 12
0.6739
6 -7 15 -19 -19 12
0.655
10 -18 14 -17 -14 19
0.7246
4 -6 14 -9 -1 6
0.8873
4 -17 9 -4 -11 12
0.7267
2 -8 12 -7 -12 5
0.6588
19 -15 13 -7 -8 12
0.9126
11 -5 19 -20 -16 18
0.8195
12 -12 19 -13 -5 13
0.898
16 -7 12 -14 -15 12
0.7795
7 -17 2 -10 -12 19
0.6756
16 -10 17 -17 -11 1
0.6391
14 -7 19 -18 -8 1
0.6832
1 -12 9 -9 -4 8
0.6469
15 -10 13 -4 -20 5
0.7468
15 -14 5 -3 -10 7
0.7447
13 -11 8 -1 -17 8
0.792
2 -16 1 -6 -13 16
0.6026
14 -20 2 -8 -3 9
0.612
17 -18 18 -13 -3 10
0.8299
3 -19 6 -5 -3 0
0.3177
2 -10 7 -20 -6 2
0.3126
4 -15 12 -14 -10 10
0.6083
0 -3 11 -5 -6 18
-1
10 -11 14 -11 -2 13
0.9303
0 -10 10 -15 -8 1
0.3643
2 -1 0 -18 -14 5
0.2787
5 -5 4 -4 -20 1
0.4386
7 -20 11 -18 -4 12
0.5978
18 -14 6 -10 -20 10
0.6447
3 -17 12 -10 -11 18
0.7692
12 -3 13 -17 -15 6
0.6741
4 -8 1 -9 -9 8
0.5098
12 -7 14 -18 -3 18
0.9135
6 -16 19 -8 -1 8
0.8761
2 -15 15 -5 -10 9
0.7588
8 -8 2 -18 -17 13
0.5312
13 -14 9 -5 -19 8
0.6792
7 -2 6 -7 -4 14
-1
1 -19 9 -4 -10 9
0.5978
1 -13 8 -6 -13 0
0.3493
15 -2 19 -17 -11 5
0.7864
17 -5 0 -1 -8 12
-1
8 -14 19 -3 -14 3
0.7587
4 -7 4 -17 -15 2
0.3028
0 -17 6 -10 -6 5
0.3625
2 -20 6 -9 -4 15
0.6546
15 -16 9 -20 -8 2
0.4737
3 -4 6 -8 -3 9
0.8488
6 -6 15 -18 -10 10
0.7084
5 -20 1 -2 -3 16
0.8239
4 -3 14 -7 -7 10
0.9731
17 -13 8 -9 -12 8
0.713
3 -11 0 -10 -3 3
0.245
15 -12 3 -4 -5 14
0.9951
4 -16 7 -5 -11 3
0.457
0 -15 15 -1 -14 10
0.7934
2 -4 6 -1 -16 12
0.8792
8 -18 19 -10 -18 3
0.5937
7 -2 16 -16 -6 11
0.8579
2 -5 16 -7 -15 17
0.9452
10 -1 12 -14 -5 12
0.9174
17 -3 18 -14 -17 0
0.7022
4 -11 19 -20 -4 4
0.6096
11 -20 1 -3 -1 17
0.9671
17 -4 1 -18 -17 11
0.6077
8 -13 7 -14 -14 13
0.6212
11 -12 8 -15 -9 13
0.6967
2 -12 9 -6 -15 9
0.6286
10 -20 12 -17 -9 16
0.6787
8 -7 9 -18 -16 15
0.6754
4 -4 0 -12 -1 16
0.8595
10 -3 17 -3 -9 13
-1
3 -15 3 -2 -13 16
0.7556
9 -14 9 -14 -11 7
0.5619
6 -19 7 -1 -4 3
0.5732
11 -12 18 -17 -16 6
0.6381
15 -10 5 -3 -4 1
0.746
11 -15 12 -3 -20 14
0.8105
15 -13 2 -17 -8 11
0.5822
17 -14 18 -11 -20 14
0.8001
15 -4 8 -14 -1 18
-1
4 -8 15 -11 -8 19
0.9525
6 -9 19 -6 -7 11
0.9922
14 -18 1 -14 -4 10
0.5443
5 -7 4 -10 -16 15
0.6954
9 -20 9 -6 -11 16
0.7768
18 -5 15 -20 -19 6
0.6636
0 -2 2 -20 -17 13
0.4691
1 -19 6 -9 -13 4
0.3234
10 -19 13 -10 -19 2
0.5025
4 -5 11 -17 -20 4
0.4888
16 -18 6 -8 -2 5
0.6574
6 -11 19 -18 -17 1
0.5307
3 -9 6 -8 -16 3
0.4307
0 -12 7 -10 -19 17
0.6441
6 -15 16 -9 -11 4
0.6368
16 -8 5 -18 -6 19
0.8244
18 -15 19 -6 -8 13
0.9988
6 -2 0 -2 -17 10
0.7513
17 -20 12 -6 -5 18
0.9924
2 -16 8 -5 -5 16
0.8715
13 -8 1 -7 -4 7
0.7389
4 -11 10 -8 -7 4
0.6066
11 -15 14 -19 -11 12
0.6602
10 -19 7 -13 -2 18
0.7823
10 -16 16 -10 -6 11
0.8178
18 -3 14 -8 -7 3
0.917
4 -6 13 -6 -13 7
0.7802
19 -15 8 -12 -20 0
0.4968
2 -13 17 -6 -13 6
0.7039
17 -11 12 -18 -3 14
0.8248
5 -10 0 -9 -2 0
0.2084
9 -1 13 -20 -12 1
0.5659
1 -9 15 -19 -2 13
0.7408
18 -10 5 -19 -7 7
0.5972
7 -4 11 -20 -20 0
0.4303
19 -10 15 -12 -6 11
0.9035
7 -19 9 -4 -5 17
0.9353
18 -3 2 -15 -2 16
0.9309
14 -5 5 -10 -3 10
0.8966
9 -14 14 -18 -20 18
0.6903
18 -19 13 -20 -16 12
0.6296
16 -1 10 -16 -8 7
0.7808
1 -9 17 -8 -1 9
0.947
16 -18 9 -18 -5 5
0.5491
9 -6 3 -20 -6 4
0.4252
16 -4 0 -17 -18 6
0.5
2 -9 16 -19 -5 2
0.5278
10 -3 14 -6 -7 1
0.8587
7 -2 18 -11 -8 2
0.7963
14 -3 16 -8 -4 11
-1
0 -7 2 -17 -17 9
0.3549
5 -14 4 -11 -4 13
0.6569
16 -10 5 -9 -13 8
0.6881
13 -9 11 -14 -18 9
0.6628
12 -6 17 -19 -14 10
0.7298
11 -15 4 -9 -1 4
0.5528
5 -3 17 -9 -11 11
0.9164
19 -15 1 -19 -16 8
0.4821
3 -16 4 -17 -20 4
0.264
7 -13 8 -19 -15 15
0.5955
13 -13 11 -6 -16 2
0.6192
11 -11 11 -15 -7 13
0.764
15 -20 16 -9 -16 0
0.573
13 -15 6 -10 -3 15
0.8437
2 -16 7 -3 -18 0
0.3267
3 -14 18 -17 -20 16
0.6764
6 -16 12 -6 -10 6
0.6547
11 -9 14 -12 -13 19
0.893
0 -10 7 -7 -6 17
0.896
10 -15 7 -15 -13 0
0.3782
3 -10 7 -15 -13 13
0.5968
16 -1 9 -7 -2 12
-1
18 -15 9 -7 -4 12
0.9223
18 -7 10 -17 -10 18
0.856
5 -19 13 -5 -5 4
0.6387
19 -2 0 -20 -14 7
0.5575
16 -8 1 -6 -1 8
0.9164
14 -2 0 -8 -17 14
0.7949
2 -16 5 -13 -6 14
0.58
9 -17 10 -16 -8 3
0.469
2 -4 15 -20 -8 13
0.735
11 -15 19 -12 -8 9
0.784
8 -2 5 -2 -17 16
0.9969
15 -20 6 -2 -10 0
0.528
1 -7 15 -11 -11 13
0.809
2 -5 12 -11 -1 16
-1
6 -19 17 -13 -7 0
0.5114
14 -19 17 -5 -19 16
0.8435
18 -20 10 -13 -3 11
0.7396
12 -18 1 -5 -16 16
0.6819
19 -1 17 -17 -4 9
0.9248
15 -4 12 -8 -20 15
0.8884
2 -13 14 -14 -19 19
0.7172
14 -9 19 -5 -1 19
-1
17 -2 1 -17 -12 4
0.541
3 -5 3 -18 -10 2
0.2742
3 -1 14 -14 -17 14
0.7865
5 -9 1 -3 -7 17
-1
18 -6 4 -12 -5 15
0.917
5 -10 7 -19 -19 2
0.3381
12 -13 17 -7 -11 9
0.8445
17 -11 6 -16 -9 12
0.701
7 -4 14 -15 -6 13
0.8633
1 -9 6 -1 -2 4
0.7916
13 -13 9 -10 -6 15
0.8685
7 -8 13 -13 -12 13
0.7746
13 -12 18 -7 -10 7
0.8538
0 -17 9 -14 -7 0
0.2635
1 -13 8 -12 -6 1
0.3394
17 -9 0 -6 -16 17
0.8335
13 -3 10 -19 -9 16
0.8192
18 -16 14 -18 -13 7
0.6325
6 -7 13 -10 -11 13
0.8424
18 -18 9 -14 -19 2
0.4969
12 -2 0 -5 -14 4
0.6303
11 -17 2 -6 -18 4
0.4258
14 -11 3 -16 -9 8
0.5569
6 -6 16 -19 -5 6
0.6806
1 -13 4 -8 -16 10
0.4879
2 -6 11 -15 -19 4
0.4808
6 -20 0 -7 -20 19
0.5816
2 -10 2 -2 -13 18
0.8775
1 -10 9 -4 -11 5
0.6191
15 -11 17 -3 -9 18
-1
15 -20 3 -19 -17 9
0.4492
18 -13 19 -18 -16 17
0.8024
12 -15 5 -9 -2 2
0.5289
16 -17 10 -14 -17 5
0.5522
18 -6 11 -1 -13 15
-1
2 -12 17 -16 -10 3
0.5413
10 -5 2 -9 -2 1
0.5398
9 -19 13 -3 -10 6
0.716
6 -1 10 -8 -14 6
0.7531
5 -14 12 -19 -11 17
0.6742
8 -10 4 -15 -16 0
0.3166
0 -8 4 -6 -12 1
0.2785
17 -13 1 -6 -8 18
0.9283
16 -16 17 -13 -12 13
0.7933
0 -4 2 -18 -8 5
0.2805
12 -9 4 -13 -13 1
0.4373
17 -18 18 -20 -7 8
0.6784
9 -3 13 -18 -9 15
0.8243
8 -16 18 -11 -17 17
0.7929
15 -8 3 -11 -18 16
0.7412
19 -12 3 -20 -11 1
0.4279
7 -9 5 -11 -5 13
0.7684
3 -20 14 -5 -6 17
0.902
13 -7 3 -12 -16 0
0.4256
14 -2 7 -5 -16 15
0.9745
10 -14 5 -18 -4 9
0.5392
11 -15 0 -10 -3 13
0.6712
17 -18 16 -20 -6 8
0.6635
5 -18 15 -2 -14 8
0.7367
2 -3 5 -6 -8 14
0.9406
14 -11 8 -20 -16 9
0.5656
6 -20 17 -12 -6 11
0.7179
0 -18 8 -4 -8 13
0.7063
15 -20 11 -8 -20 6
0.5901
15 -17 7 -16 -3 7
0.5884
1 -19 14 -10 -19 6
0.4923
8 -16 7 -4 -17 15
0.7445
3 -7 4 -18 -11 7
0.4149
12 -18 19 -19 -18 9
0.6197
5 -11 13 -6 -8 16
0.9679
17 -6 3 -1 -7 13
-1
7 -9 19 -6 -11 17
-1
16 -17 11 -3 -13 15
0.9125
12 -3 2 -10 -16 5
0.5757
8 -16 18 -5 -4 13
-1
5 -18 18 -13 -7 13
0.7534
9 -6 8 -15 -18 5
0.536
12 -1 1 -14 -11 4
0.5333
7 -12 1 -4 -9 16
0.8383
7 -11 19 -14 -20 12
0.7173
0 -20 3 -14 -5 3
0.1707
16 -19 13 -7 -11 4
0.6717
2 -18 18 -15 -11 16
0.7168
19 -17 8 -3 -7 12
0.9426
0 -19 16 -5 -13 2
0.5215
0 -16 0 -7 -18 1
0.0421
19 -11 11 -17 -8 14
0.7956
5 -13 5 -14 -2 8
0.5279
15 -17 4 -11 -2 14
0.7728
8 -11 16 -20 -11 6
0.596
13 -4 14 -19 -8 17
0.868
7 -6 17 -17 -7 4
0.6801
14 -1 10 -3 -9 4
-1
5 -16 13 -14 -9 10
0.6293
12 -17 16 -4 -3 11
-1
15 -16 10 -5 -11 11
0.8195
14 -5 8 -1 -12 3
0.8683
13 -19 1 -11 -2 1
0.3579
13 -6 8 -17 -13 19
0.804
19 -14 9 -17 -16 8
0.6078
1 -13 4 -2 -7 1
0.3226
2 -5 9 -16 -12 15
0.7054
7 -19 10 -10 -15 13
0.6362
9 -8 11 -11 -13 7
0.6833
17 -16 0 -15 -14 6
0.4464
1 -1 7 -7 -5 5
0.7715
7 -12 5 -2 -20 2
0.4691
3 -10 18 -14 -8 3
0.6274
14 -18 17 -4 -8 18
-1
17 -7 8 -11 -3 14
0.9755
6 -12 18 -6 -4 4
0.8434
3 -3 8 -6 -15 17
0.9215
2 -13 1 -11 -10 12
0.4825
4 -6 7 -10 -13 13
0.7355
8 -8 18 -18 -16 11
0.7078
0 -16 13 -19 -20 16
0.5648
16 -14 14 -14 -2 4
0.7158
15 -7 16 -1 -5 2
-1
19 -16 9 -11 -19 19
0.7853
3 -4 12 -20 -5 8
0.6376
5 -8 10 -4 -19 5
0.6426
8 -8 18 -9 -6 19
-1
5 -5 17 -2 -7 1
0.9405
5 -5 14 -7 -8 18
-1
4 -6 16 -20 -11 4
0.5718
12 -11 19 -20 -5 13
0.7993
13 -19 2 -16 -19 19
0.5896
15 -15 7 -2 -9 18
-1
0 -6 8 -9 -15 13
0.707
16 -8 9 -13 -20 17
0.781
16 -10 14 -1 -9 17
-1
0 -15 16 -18 -4 16
0.7247
13 -4 3 -20 -14 10
0.5762
14 -8 19 -7 -8 18
-1
16 -12 18 -8 -10 8
0.8713
18 -1 0 -16 -11 14
0.763
4 -13 4 -16 -19 7
0.3697
15 -3 14 -19 -13 6
0.6978
15 -9 0 -2 -12 9
0.7874
2 -16 4 -6 -19 0
0.2125
2 -15 12 -13 -19 4
0.4392
1 -20 13 -8 -5 18
0.8352
18 -4 6 -3 -2 14
-1
5 -19 18 -8 -8 17
0.8804
1 -14 7 -3 -1 1
0.4595
9 -14 19 -15 -8 10
0.752
16 -16 9 -5 -13 7
0.7177
8 -7 14 -8 -9 7
0.8265
14 -19 5 -1 -5 7
0.7673
4 -8 0 -17 -20 19
0.5619
0 -2 15 -9 -8 16
-1
4 -19 11 -1 -13 1
0.5045
11 -11 1 -8 -2 3
0.5139
4 -10 8 -9 -8 14
0.7959
12 -5 7 -18 -16 0
0.447
13 -14 4 -16 -1 5
0.5157
11 -6 9 -12 -19 3
0.5644
9 -1 12 -11 -3 5
0.8795
11 -19 14 -13 -5 7
0.657
6 -17 10 -14 -16 3
0.4212
12 -3 9 -12 -5 9
0.8608
2 -17 5 -2 -17 16
0.6966
14 -7 9 -20 -1 0
0.54
6 -18 12 -17 -13 17
0.6555
16 -10 11 -1 -6 16
-1
16 -1 7 -18 -2 3
0.6895
11 -10 12 -3 -16 3
0.7171
1 -16 8 -14 -3 15
0.6567
15 -16 13 -3 -7 9
0.9255
6 -19 9 -19 -3 5
0.4279
18 -18 11 -13 -9 5
0.6271
19 -19 15 -19 -13 7
0.6178
15 -8 15 -19 -5 15
0.8508
11 -1 11 -5 -14 4
0.8377
4 -11 12 -8 -8 10
0.7767
12 -14 10 -8 -15 11
0.7257
18 -16 18 -16 -10 0
0.6167
10 -18 14 -12 -19 11
0.6405
18 -10 13 -11 -11 7
0.7782
12 -2 19 -3 -5 16
-1
1 -6 10 -12 -9 3
0.5196
16 -11 9 -6 -18 3
0.6445
14 -7 7 -12 -20 6
0.6017
15 -12 2 -9 -2 4
0.6066
4 -19 2 -6 -7 0
0.1989
8 -15 19 -17 -6 0
0.5628
7 -20 16 -15 -2 5
0.5958
18 -15 8 -4 -18 19
0.8988
3 -5 18 -17 -5 10
0.7934
11 -15 12 -11 -14 18
0.8037
10 -11 15 -20 -6 15
0.767
1 -9 8 -14 -8 4
0.4375
15 -15 15 -10 -18 16
0.8079
18 -2 19 -2 -5 5
-1
2 -15 13 -6 -10 16
0.8522
15 -1 1 -11 -11 6
0.6744
3 -16 8 -17 -13 8
0.4368
17 -3 11 -20 -12 11
0.7452
18 -4 5 -14 -11 2
0.6042
0 -1 11 -14 -13 17
0.8205
18 -7 16 -4 -16 14
-1
6 -13 15 -18 -18 5
0.5193
13 -3 14 -20 -14 16
0.7987
4 -13 5 -14 -12 12
0.5409
8 -4 19 -2 -2 15
-1
12 -19 3 -14 -14 1
0.3298
13 -14 4 -9 -16 15
0.7013
3 -20 11 -18 -8 3
0.3704
13 -10 2 -5 -19 10
0.6602
14 -15 11 -15 -3 9
0.7108
9 -13 9 -5 -2 16
-1
0 -11 12 -17 -4 7
0.5465
11 -13 17 -16 -5 13
0.8116
5 -18 8 -17 -4 16
0.6402
7 -1 1 -14 -5 8
0.6225
16 -3 8 -4 -18 19
-1
8 -15 15 -1 -10 16
-1
4 -6 4 -2 -3 19
-1
8 -6 6 -1 -4 6
-1
0 -20 6 -20 -7 5
0.257
9 -8 1 -8 -5 6
0.5991
16 -10 13 -1 -12 0
0.8081
18 -14 0 -2 -1 9
0.9881
16 -9 12 -10 -1 2
0.8035
8 -18 2 -3 -11 9
0.5699
16 -18 7 -5 -3 15
0.9713
4 -16 12 -3 -15 11
0.7406
16 -3 17 -5 -1 7
-1
7 -14 14 -17 -13 8
0.5871
11 -14 17 -17 -10 10
0.7032
6 -9 14 -7 -9 16
0.9714
13 -9 16 -18 -15 4
0.6224
7 -3 12 -5 -7 15
-1
11 -11 11 -5 -18 6
0.6956
1 -12 10 -9 -3 4
0.5627
7 -19 17 -3 -17 8
0.7237
8 -5 5 -16 -1 3
0.5253
14 -18 15 -1 -10 12
0.9714
11 -3 13 -6 -8 2
0.8595
4 -6 16 -10 -17 19
0.8933
7 -13 5 -16 -16 4
0.3781
17 -8 6 -12 -11 14
0.8114
9 -14 16 -5 -1 7
0.9622
10 -7 18 -4 -3 11
-1
14 -5 9 -3 -19 3
0.7362
4 -20 14 -12 -2 15
0.773
14 -13 7 -15 -8 11
0.6718
15 -8 19 -12 -2 4
0.8816
5 -1 17 -16 -9 1
0.6612
12 -13 14 -8 -6 9
0.853
1 -7 2 -12 -6 8
0.4636
14 -12 9 -9 -13 8
0.7028
8 -2 2 -3 -4 12
-1
12 -16 1 -11 -1 1
0.3709
0 -17 4 -13 -7 9
0.3855
9 -4 7 -14 -17 15
0.7348
4 -10 2 -2 -1 11
-1
10 -7 17 -9 -18 6
0.7482
19 -7 14 -6 -10 16
-1
13 -11 16 -8 -17 12
0.8285
4 -6 11 -1 -17 1
0.6573
12 -11 11 -6 -5 15
-1
4 -18 2 -6 -8 3
0.2993
13 -13 7 -16 -7 12
0.6744
16 -16 16 -18 -11 13
0.7299
10 -12 14 -15 -14 9
0.662
17 -18 15 -20 -1 17
0.8127
6 -19 9 -12 -9 0
0.3651
6 -1 11 -5 -15 2
0.7289
10 -12 16 -3 -17 7
0.8011
10 -14 8 -1 -1 9
-1
5 -4 16 -16 -2 17
0.9617
15 -8 11 -19 -6 6
0.663
13 -19 14 -2 -9 7
0.824
7 -17 11 -3 -12 18
0.9168
19 -6 8 -9 -8 18
-1
10 -20 0 -5 -9 10
0.5381
14 -17 9 -16 -16 6
0.523
19 -8 18 -5 -18 15
0.9898
15 -3 9 -2 -13 9
-1
0 -11 2 -3 -4 19
-1
0 -7 0 -19 -19 19
0.5103
4 -5 12 -13 -12 19
0.8715
4 -6 3 -17 -1 6
0.4573
12 -5 7 -2 -19 13
0.9076
2 -18 13 -1 -7 1
0.5836
12 -10 4 -17 -17 12
0.5755
5 -6 5 -13 -18 16
0.6767
3 -19 0 -8 -5 2
0.1635
1 -20 6 -4 -11 18
0.7341
2 -3 5 -9 -12 2
0.4391
0 -15 1 -17 -18 12
0.3366
16 -17 14 -12 -2 0
0.6353
2 -10 18 -9 -2 19
-1
19 -15 1 -19 -7 0
0.3756
14 -18 12 -13 -3 8
0.7021
1 -13 7 -6 -15 14
0.6797
10 -20 18 -15 -2 17
0.8443
15 -20 17 -3 -3 17
-1
10 -16 12 -2 -11 13
0.9116
8 -1 14 -10 -10 0
0.7158
13 -18 13 -18 -19 7
0.5419
4 -7 15 -20 -7 4
0.5704
1 -18 18 -10 -17 16
0.7283
15 -10 14 -8 -5 14
-1
4 -16 16 -1 -1 8
-1
5 -14 10 -14 -9 7
0.5457
10 -5 13 -5 -18 15
0.9367
13 -20 16 -17 -20 12
0.6268
13 -4 5 -17 -5 4
0.5903
16 -8 3 -2 -15 0
0.5993
13 -15 19 -12 -11 16
0.8659
6 -16 14 -9 -3 11
0.8165
8 -8 19 -3 -4 19
-1
3 -12 3 -9 -7 13
0.647
15 -9 8 -10 -17 7
0.6667
11 -10 18 -18 -4 15
0.8594
6 -18 8 -6 -12 7
0.5627
8 -13 9 -12 -16 14
0.6763
16 -17 3 -11 -6 6
0.5573
11 -18 5 -11 -1 8
0.6028
2 -12 14 -8 -8 4
0.6372
1 -18 18 -14 -11 17
0.7374
8 -15 0 -20 -19 9
0.3476
18 -17 8 -6 -14 19
0.8856
17 -20 7 -2 -3 9
0.89
8 -13 3 -20 -1 18
0.6716
3 -19 19 -15 -10 16
0.7326
6 -4 14 -6 -12 16
-1
4 -14 5 -17 -19 5
0.3336
19 -3 18 -9 -16 0
0.7914
3 -20 1 -6 -17 19
0.599
10 -10 0 -18 -20 19
0.5895
5 -11 17 -4 -20 3
0.6683
10 -20 0 -4 -8 12
0.6154
12 -4 1 -13 -19 19
0.748
18 -9 5 -2 -16 8
0.817
10 -8 6 -14 -6 19
0.8667
9 -16 13 -19 -14 3
0.4736
18 -1 10 -13 -10 2
0.7391
12 -14 2 -12 -7 4
0.4535
3 -3 13 -9 -3 12
-1
12 -2 13 -2 -11 18
-1
0 -2 17 -9 -18 14
0.8571
9 -8 7 -2 -3 0
0.7659
19 -3 19 -1 -5 18
-1
19 -14 4 -11 -8 18
0.849
1 -14 11 -8 -13 2
0.4489
7 -8 19 -1 -11 11
-1
16 -19 13 -3 -20 11
0.7662
12 -5 10 -2 -8 15
-1
19 -18 14 -1 -6 13
-1
11 -18 14 -3 -20 8
0.704
0 -8 3 -15 -2 15
0.6586
5 -12 6 -19 -14 19
0.6305
4 -2 17 -7 -2 7
-1
16 -11 5 -13 -2 12
0.8024
13 -3 5 -19 -16 0
0.4316
1 -10 13 -19 -7 15
0.6925
5 -4 19 -11 -8 5
0.8213
12 -13 10 -3 -19 12
0.7963
7 -10 12 -15 -8 0
0.4954
7 -3 10 -1 -1 16
-1
18 -5 8 -14 -13 4
0.6605
10 -7 14 -7 -6 15
-1
12 -1 0 -3 -4 16
-1
5 -2 5 -10 -12 7
0.6424
4 -17 11 -18 -10 8
0.4928
17 -14 7 -3 -19 0
0.5672
7 -16 17 -4 -17 3
0.6551
5 -14 13 -3 -16 19
0.9242
15 -20 7 -9 -7 13
0.7361
12 -5 19 -10 -5 18
-1
19 -15 7 -4 -15 11
0.7988
13 -5 6 -9 -1 2
0.7554
12 -17 1 -8 -4 9
0.5973
8 -16 18 -13 -6 13
0.8067
17 -13 16 -7 -2 16
-1
2 -12 11 -15 -11 7
0.5243
12 -6 0 -8 -9 17
0.8958
2 -6 0 -13 -10 15
0.6058
4 -19 9 -13 -8 7
0.4815
2 -4 15 -13 -1 19
-1
8 -16 6 -8 -20 12
0.5936
12 -1 4 -10 -8 15
0.9491
19 -19 13 -19 -14 5
0.5662
18 -15 3 -18 -16 9
0.5233
10 -6 0 -15 -10 4
0.4112
9 -3 16 -15 -15 12
0.7999
19 -5 17 -19 -17 8
0.7351
14 -6 4 -18 -7 18
0.7961
6 -8 0 -3 -16 13
0.7125
10 -12 3 -7 -9 3
0.4964
15 -15 17 -11 -6 18
0.9595
19 -1 2 -18 -16 8
0.6245
18 -15 3 -9 -2 1
0.5495
6 -9 15 -12 -15 18
0.839
16 -13 17 -14 -18 19
0.8317
2 -4 10 -20 -16 4
0.4425
5 -16 8 -5 -20 14
0.6692
4 -12 6 -7 -6 18
0.9064
3 -15 4 -19 -3 12
0.4776
13 -7 3 -12 -8 8
0.66
14 -15 11 -3 -9 15
0.996
0 -3 2 -20 -18 2
0.1535
3 -3 2 -14 -18 0
0.2095
7 -15 7 -16 -19 3
0.3724
10 -14 16 -18 -3 8
0.6926
15 -18 12 -11 -17 0
0.5119
4 -14 19 -12 -9 8
0.7168
11 -10 6 -18 -1 4
0.5247
17 -14 15 -15 -20 16
0.7528
9 -7 9 -5 -19 7
0.7063
2 -15 13 -19 -12 19
0.6767
2 -4 0 -7 -13 12
0.6441
13 -8 0 -7 -2 19
-1
17 -11 0 -11 -13 14
0.6948
0 -1 8 -7 -1 6
0.9204
16 -13 10 -17 -6 3
0.5807
11 -5 6 -12 -19 4
0.545
7 -11 0 -8 -15 2
0.3033
1 -11 16 -4 -5 16
-1
6 -8 13 -15 -7 4
0.6151
2 -7 3 -20 -18 7
0.3345
3 -16 6 -20 -14 17
0.5334
13 -7 1 -19 -11 12
0.5824
4 -20 10 -3 -4 15
0.9042
3 -12 7 -20 -11 14
0.547
10 -9 18 -7 -16 1
0.7034
13 -20 13 -14 -14 0
0.4772
8 -11 17 -5 -5 16
-1
3 -5 13 -12 -6 11
0.8327
17 -9 1 -10 -8 5
0.6084
7 -13 14 -6 -18 5
0.6458
4 -13 2 -1 -12 7
0.5491
9 -11 4 -8 -20 4
0.4641
0 -1 13 -15 -14 12
0.7324
17 -13 15 -7 -8 10
0.9126
19 -13 2 -8 -9 3
0.5781
0 -7 0 -15 -8 3
0.1298
7 -17 15 -14 -17 13
0.6568
10 -15 7 -10 -4 8
0.66
0 -1 8 -11 -2 9
0.8375
11 -5 17 -13 -3 9
0.9215
4 -8 1 -12 -8 12
0.5839
16 -20 6 -8 -11 8
0.6187
12 -14 14 -4 -15 8
0.7892
3 -14 13 -13 -16 11
0.6138
2 -16 1 -18 -13 11
0.3435
3 -4 11 -1 -16 8
0.8699
11 -4 17 -12 -16 19
0.9344
8 -1 0 -14 -5 16
0.83
10 -17 4 -9 -6 0
0.3745
5 -13 17 -10 -13 14
0.8023
1 -20 12 -4 -20 4
0.4661
1 -16 16 -5 -1 14
-1
6 -13 7 -2 -13 4
0.5913
8 -5 2 -6 -3 15
-1
6 -7 19 -10 -19 0
0.6231
10 -9 3 -5 -4 7
0.7803
0 -4 7 -3 -11 3
0.6201
0 -19 6 -4 -16 9
0.4745
9 -13 18 -1 -13 18
-1
12 -14 5 -6 -3 18
-1
19 -7 7 -7 -9 5
0.809
12 -12 14 -14 -9 11
0.7598
3 -15 11 -5 -12 4
0.5641
7 -5 5 -16 -8 2
0.4352
2 -1 3 -1 -10 4
0.7452
17 -14 13 -4 -10 13
0.97
4 -2 7 -11 -19 12
0.6901
13 -13 1 -17 -13 11
0.518
2 -10 6 -2 -12 9
0.7175
14 -8 4 -10 -10 3
0.5773
7 -19 12 -10 -8 15
0.7557
17 -6 17 -19 -12 15
0.8348
15 -19 9 -18 -18 15
0.6147
0 -4 14 -3 -7 19
-1
1 -16 7 -8 -9 15
0.686
6 -19 11 -10 -3 16
0.8104
6 -1 11 -10 -15 10
0.7954
12 -20 7 -6 -11 5
0.559
13 -19 13 -8 -5 2
0.6386
10 -18 11 -20 -18 14
0.5771
17 -16 13 -12 -11 5
0.6622
11 -2 14 -6 -10 18
-1
11 -7 1 -17 -11 4
0.4144
8 -15 0 -9 -2 13
0.6625
8 -19 4 -10 -1 18
0.7956
2 -13 4 -19 -4 11
0.4556
0 -5 8 -12 -20 18
0.717
10 -8 14 -11 -9 18
0.95
10 -15 16 -6 -1 7
0.9204
9 -14 12 -5 -17 2
0.5881
11 -1 10 -4 -10 3
0.8943
18 -12 3 -7 -5 0
0.5732
10 -8 13 -5 -4 11
-1
0 -13 16 -10 -6 15
0.8514
11 -9 16 -2 -11 10
-1
14 -5 13 -16 -2 13
0.9165
16 -12 11 -7 -15 17
0.8996
10 -8 2 -6 -20 3
0.4686
8 -15 16 -14 -2 16
0.8715
8 -11 3 -13 -1 19
0.8637
0 -10 6 -6 -1 5
0.5926
2 -8 15 -5 -16 9
0.7852
18 -10 12 -4 -12 2
0.7897
10 -11 19 -17 -19 2
0.5791
12 -6 8 -14 -20 7
0.6004
18 -2 7 -13 -13 3
0.676
19 -17 19 -10 -2 8
0.9
11 -8 15 -14 -7 0
0.6354
16 -10 17 -2 -12 6
0.9558
17 -16 10 -2 -15 3
0.6951
12 -12 8 -6 -12 8
0.7295
0 -5 0 -10 -4 4
0.2477
0 -17 7 -3 -13 8
0.531
0 -7 19 -3 -11 1
0.7782
14 -6 8 -20 -3 9
0.698
3 -18 15 -10 -19 1
0.4484
9 -8 3 -9 -14 1
0.4173
9 -11 1 -10 -10 6
0.4765
19 -4 13 -17 -2 13
0.9375
3 -1 18 -7 -15 10
0.9106
19 -13 5 -9 -5 19
0.9782
15 -14 17 -7 -6 16
-1
6 -5 8 -16 -4 7
0.641
2 -2 4 -5 -13 18
0.9666
3 -18 7 -1 -8 11
0.7451
11 -5 10 -7 -15 9
0.8095
6 -9 2 -6 -8 9
0.6607
14 -1 12 -11 -5 0
0.7871
11 -6 7 -3 -11 14
-1
7 -8 1 -17 -17 10
0.4547
4 -16 13 -5 -17 18
0.8223
4 -19 10 -11 -19 14
0.5896
6 -15 11 -16 -18 10
0.546
6 -5 4 -9 -9 17
0.887
17 -20 16 -13 -8 13
0.7852
15 -15 13 -14 -19 18
0.7579
13 -4 9 -6 -1 16
-1
0 -8 9 -12 -15 18
0.7414
18 -12 2 -15 -2 16
0.8029
6 -13 8 -14 -2 1
0.4291
10 -18 4 -14 -5 2
0.3703
3 -11 0 -9 -6 4
0.2865
5 -2 10 -6 -18 10
0.8016
12 -13 5 -19 -15 8
0.4885
15 -20 7 -1 -2 8
0.8968
19 -2 6 -14 -11 2
0.6538
16 -17 18 -11 -13 2
0.658
1 -19 9 -18 -5 10
0.4658
8 -1 8 -6 -19 13
0.8569
10 -3 2 -13 -1 3
0.5722
7 -14 2 -10 -16 0
0.2597
12 -20 7 -19 -4 3
0.4187
19 -20 9 -14 -9 15
0.7329
15 -8 13 -9 -9 4
0.7821
4 -20 19 -12 -16 12
0.6676
6 -17 19 -4 -14 11
0.8279
7 -15 14 -11 -5 19
0.9145
12 -3 7 -20 -16 6
0.5538
5 -9 9 -19 -7 15
0.6848
14 -12 14 -19 -10 10
0.6863
12 -1 11 -7 -19 19
0.9816
5 -11 16 -7 -9 13
0.9045
12 -11 10 -20 -16 3
0.4819
4 -13 7 -6 -2 19
-1
8 -3 15 -12 -19 18
0.8716
15 -11 18 -8 -3 13
-1
15 -15 12 -9 -16 14
0.7832
11 -16 16 -2 -9 15
-1
9 -14 5 -16 -6 13
0.6209
10 -20 4 -10 -2 16
0.7403
3 -9 8 -7 -5 8
0.7442
18 -14 3 -7 -13 17
0.8288
9 -5 19 -4 -3 15
-1
2 -14 4 -13 -18 16
0.5468
8 -1 8 -2 -12 14
-1
0 -5 15 -18 -17 2
0.4742
15 -20 0 -15 -5 3
0.3625
14 -15 3 -3 -16 11
0.7045
18 -1 15 -3 -14 8
-1
1 -15 16 -17 -16 0
0.3966
0 -12 19 -15 -2 5
0.6629
5 -9 13 -1 -5 17
-1
14 -19 2 -9 -17 18
0.6728
10 -11 2 -20 -18 11
0.4686
19 -4 1 -6 -15 17
0.9456
2 -2 10 -1 -14 17
-1
9 -7 5 -20 -17 18
0.6508
7 -8 6 -16 -5 16
0.7603
7 -3 19 -6 -20 4
0.7881
12 -18 11 -12 -17 18
0.7324
1 -9 9 -11 -11 19
0.8166
18 -8 15 -9 -14 2
0.7462
5 -12 17 -18 -7 2
0.5491
6 -18 7 -11 -6 17
0.7313
0 -4 5 -15 -12 15
0.6519
7 -5 6 -8 -10 17
0.9293
3 -13 15 -6 -12 17
0.9014
12 -2 14 -9 -3 8
-1
18 -15 4 -4 -19 9
0.676
6 -16 18 -10 -17 0
0.5358
13 -6 1 -15 -16 10
0.5727
8 -9 10 -16 -14 4
0.5203
16 -12 19 -11 -6 12
0.9316
6 -2 2 -3 -19 13
0.8096
19 -5 1 -11 -7 10
0.7966
10 -7 19 -7 -8 5
0.9016
18 -17 17 -11 -19 9
0.7179
12 -17 7 -11 -4 19
0.8605
8 -15 17 -2 -12 8
0.8583
9 -11 15 -5 -17 3
0.6874
14 -9 13 -20 -15 0
0.5142
0 -20 2 -10 -8 5
0.2189
5 -9 3 -15 -10 12
0.5617
1 -7 15 -13 -9 12
0.7775
4 -3 4 -16 -2 0
0.3296
8 -15 9 -12 -4 2
0.5001
0 -7 1 -18 -14 6
0.2429
11 -4 8 -20 -6 6
0.6106
15 -7 17 -13 -1 9
0.9487
10 -11 0 -14 -4 5
0.4235
4 -13 3 -9 -19 18
0.6451
9 -5 19 -9 -16 14
0.9168
3 -15 7 -18 -1 13
0.5841
4 -14 8 -19 -14 4
0.3675
8 -18 15 -6 -12 1
0.5839
10 -10 11 -11 -2 14
0.9305
8 -15 3 -14 -20 16
0.5616
19 -15 19 -11 -1 6
0.8856
6 -14 4 -16 -2 18
0.7121
11 -9 18 -2 -5 2
-1
19 -14 7 -16 -1 4
0.6195
10 -6 13 -3 -2 18
-1
2 -17 19 -14 -19 1
0.473
19 -19 3 -4 -10 6
0.6401
10 -4 4 -2 -10 7
0.8939
16 -19 17 -15 -1 5
0.7096
15 -13 13 -5 -4 15
-1
1 -1 11 -16 -16 7
0.5871
17 -19 7 -9 -5 12
0.7696
9 -6 17 -4 -20 10
0.8741
12 -12 13 -2 -20 14
0.8817
13 -19 1 -12 -8 13
0.583
6 -10 12 -20 -15 8
0.5446
2 -18 10 -1 -9 0
0.4546
18 -10 14 -9 -12 5
0.7795
9 -6 1 -6 -19 17
0.7824
2 -13 13 -14 -17 12
0.613
11 -1 15 -5 -1 19
-1
6 -15 19 -9 -14 17
0.8566
0 -17 9 -10 -17 14
0.5789
14 -15 3 -8 -14 9
0.6035
15 -13 11 -13 -13 17
0.8052
12 -3 15 -10 -17 4
0.7455
11 -15 18 -17 -8 19
0.8398
11 -10 4 -6 -16 9
0.6619
6 -11 19 -8 -17 3
0.6727
13 -7 6 -17 -17 3
0.4866
1 -11 19 -8 -4 11
0.9252
1 -9 3 -8 -9 18
0.8022
3 -4 8 -7 -13 19
0.9507
17 -8 4 -20 -12 17
0.7091
4 -20 3 -17 -16 2
0.2033
0 -4 17 -16 -17 14
0.7391
1 -8 1 -11 -10 11
0.5043
6 -9 15 -15 -17 7
0.6194
3 -5 17 -5 -1 12
-1
6 -18 8 -15 -11 18
0.6592
14 -6 1 -10 -6 19
0.964
17 -5 7 -5 -8 4
0.866
16 -14 5 -14 -15 15
0.679
1 -2 12 -3 -14 17
-1
12 -5 5 -11 -4 2
0.6265
5 -18 18 -3 -13 16
0.9138
10 -8 12 -6 -3 4
0.8812
19 -20 7 -2 -11 1
0.6124
3 -8 19 -20 -8 1
0.5512
11 -7 16 -19 -15 3
0.5984
11 -13 1 -10 -4 17
0.8109
16 -13 14 -5 -6 7
0.9174
1 -1 8 -2 -11 18
-1
4 -8 12 -9 -10 6
0.6896
14 -17 12 -10 -19 17
0.7607
4 -1 17 -19 -8 10
0.773
0 -16 11 -16 -16 17
0.6054
2 -14 15 -9 -8 3
0.5894
14 -6 12 -12 -11 17
0.9201
18 -13 18 -8 -3 10
0.9992
19 -14 12 -17 -2 4
0.6712
4 -15 1 -1 -14 7
0.4699
11 -18 0 -10 -5 8
0.4834
7 -15 8 -12 -3 1
0.4433
4 -20 10 -19 -18 8
0.4191
2 -1 12 -15 -9 18
0.8892
0 -15 16 -18 -11 12
0.6075
4 -10 9 -18 -12 12
0.5883
0 -6 16 -20 -16 8
0.5736
16 -14 13 -19 -7 3
0.5857
9 -16 3 -18 -14 0
0.2598
8 -4 11 -19 -6 14
0.7837
3 -9 2 -19 -1 6
0.3455
5 -20 13 -20 -16 7
0.4544
14 -6 8 -17 -8 12
0.7507
7 -2 14 -5 -2 14
-1
9 -15 19 -18 -10 6
0.6332
13 -6 4 -10 -2 14
0.965
18 -16 5 -20 -12 12
0.5851
5 -5 9 -10 -7 3
0.6278
13 -18 13 -11 -13 8
0.6561
0 -13 4 -19 -19 6
0.2642
12 -3 19 -14 -5 11
0.9522
9 -6 19 -5 -3 18
-1
19 -15 3 -7 -15 13
0.7323
15 -8 13 -9 -12 9
0.8349
1 -13 11 -6 -15 14
0.7428
11 -9 11 -9 -20 3
0.5943
17 -13 7 -15 -10 2
0.5278
15 -10 19 -18 -14 18
0.8373
13 -19 14 -8 -13 11
0.7448
11 -18 0 -5 -5 8
0.5606
1 -8 2 -17 -17 5
0.2593
14 -7 8 -12 -15 11
0.735
2 -2 7 -3 -8 7
0.9113
9 -12 11 -6 -20 8
0.6708
14 -5 10 -1 -9 19
-1
12 -13 14 -14 -17 12
0.7023
5 -6 3 -4 -7 15
-1
14 -15 19 -2 -16 5
0.8243
0 -5 13 -7 -16 2
0.5841
7 -15 13 -3 -7 7
0.8215
4 -1 18 -20 -6 9
0.772
13 -17 15 -8 -7 1
0.6578
17 -6 14 -7 -6 14
-1
14 -6 8 -5 -15 11
0.8729
8 -13 17 -1 -7 1
0.8417
16 -19 19 -10 -2 5
0.8038
4 -9 15 -8 -18 19
0.8752
3 -11 16 -3 -2 0
0.8079
9 -8 12 -9 -11 19
0.9567
1 -16 10 -9 -17 2
0.3797
12 -12 5 -13 -8 15
0.7414
8 -4 15 -10 -2 4
0.8832
15 -11 3 -9 -1 16
0.9753
4 -17 19 -3 -13 19
0.9801
13 -4 3 -1 -1 8
-1
16 -5 0 -2 -14 3
0.6762
6 -13 15 -20 -18 8
0.5464
13 -19 13 -4 -13 2
0.633
12 -18 12 -1 -9 19
-1
4 -12 9 -6 -17 7
0.5918
3 -16 12 -20 -10 15
0.6037
14 -11 0 -18 -5 4
0.4154
10 -4 17 -11 -16 19
0.9461
4 -20 12 -17 -14 7
0.4602
0 -8 13 -9 -12 0
0.4906
18 -15 18 -17 -13 0
0.5994
6 -8 9 -14 -4 13
0.7849
3 -17 2 -9 -18 10
0.4125
12 -17 7 -17 -18 0
0.3634
16 -12 2 -17 -14 9
0.5331
9 -5 2 -9 -17 8
0.5883
15 -9 5 -10 -20 13
0.704
11 -10 12 -3 -19 5
0.7256
16 -2 17 -20 -16 1
0.646
8 -2 15 -12 -20 14
0.8198
18 -14 17 -18 -16 5
0.6376
7 -13 7 -13 -15 11
0.5816
